docs/data/abell_2744_galaxy_f105w_photometry.ecsv
# %ECSV 1.0
# ---
# datatype:
# - {name: r_list, datatype: float64}
# - {name: flux_arr, datatype: float64}
# - {name: area_arr, datatype: float64}
# - {name: error_arr, datatype: float64}
# meta: !!omap
# - position: !!python/tuple [138, 89]
# - {elong: 1.353846946895384}
# - {theta: 0.7734093675138602}
# schema: astropy-2.0
r_list flux_arr area_arr error_arr
1.0 7.753508 2.320493 0.003499
2.0 27.470488 9.281973 0.006959
3.0 51.868013 20.884439 0.010451
4.0 76.013873 37.127891 0.013924
5.0 97.787811 58.01233 0.017439
6.0 116.781632 83.537756 0.020939
7.0 133.120986 113.704168 0.024449
8.0 147.100726 148.511566 0.027948
9.0 159.118392 187.95995 0.031444
10.0 169.405595 232.049321 0.034962
11.0 178.263381 280.779679 0.038451
12.0 185.890054 334.151023 0.041998
13.0 192.540248 392.163353 0.045481
14.0 198.417551 454.81667 0.049025
15.0 203.671521 522.110973 0.052542
16.0 208.400085 594.046263 0.056064
17.0 212.692938 670.622539 0.059609
18.0 216.577528 751.839801 0.063151
19.0 220.121637 837.69805 0.066706
20.0 223.392208 928.197286 0.070241
21.0 226.412944 1023.337508 0.073775
22.0 229.216781 1123.118716 0.077303
23.0 231.81792 1227.54091 0.080825
24.0 234.226291 1336.604091 0.084364
25.0 236.464161 1450.18379 0.087876
26.0 238.461996 1565.455957 0.091331
27.0 240.12695 1676.527358 0.094515
28.0 241.483361 1783.614236 0.097507
29.0 242.545202 1886.335605 0.10029
30.0 243.410852 1989.123742 0.102997
31.0 244.152479 2092.214947 0.105658
32.0 244.796757 2196.303971 0.108258
33.0 245.343188 2301.719815 0.110842
34.0 245.802765 2409.021684 0.113412
35.0 246.166782 2516.579213 0.115922
36.0 246.445401 2626.675249 0.118461
37.0 246.68361 2738.96447 0.120984
38.0 246.86666 2853.32721 0.123513
39.0 247.048058 2973.514012 0.126096
40.0 247.19231 3097.815962 0.128725
41.0 247.28106 3226.141465 0.131394
42.0 247.309996 3357.170913 0.134061
43.0 247.315824 3491.248133 0.136744
44.0 247.278304 3629.036579 0.139441
45.0 247.19182 3769.478509 0.142143
46.0 247.104932 3915.446832 0.144901
47.0 246.970843 4063.535301 0.147644
48.0 246.822831 4213.725751 0.150373
49.0 246.670988 4367.687008 0.153119
50.0 246.486127 4524.64914 0.155859
