docs/data/abell_2744_galaxy_f105w_photometry.ecsv
# %ECSV 1.0
# ---
# datatype:
# - {name: r_list, datatype: float64}
# - {name: flux_arr, datatype: float64}
# - {name: area_arr, datatype: float64}
# - {name: error_arr, datatype: float64}
# meta: !!omap
# - position: !!python/tuple [138, 89]
# - {elong: 1.353846946895384}
# - {theta: 0.7734093675138602}
# schema: astropy-2.0
r_list flux_arr area_arr error_arr
1.0 7.753508 2.320493 0.011168
2.0 27.470488 9.281973 0.021141
3.0 51.868013 20.884439 0.029355
4.0 76.013873 37.127891 0.03601
5.0 97.787811 58.01233 0.041509
6.0 116.781632 83.537756 0.046185
7.0 133.120986 113.704168 0.050296
8.0 147.100726 148.511566 0.054002
9.0 159.118392 187.95995 0.057433
10.0 169.405595 232.049321 0.060678
11.0 178.263381 280.779679 0.063773
12.0 185.890054 334.151023 0.06681
13.0 192.540248 392.163353 0.069753
14.0 198.417551 454.81667 0.072707
15.0 203.671521 522.110973 0.075634
16.0 208.400085 594.046263 0.078565
17.0 212.692938 670.622539 0.081521
18.0 216.577528 751.839801 0.084485
19.0 220.121637 837.69805 0.087475
20.0 223.392208 928.197286 0.090468
21.0 226.412944 1023.337508 0.093478
22.0 229.216781 1123.118716 0.096504
23.0 231.81792 1227.54091 0.099544
24.0 234.226291 1336.604091 0.102614
25.0 236.464161 1450.18379 0.105681
26.0 238.461996 1565.455957 0.10871
27.0 240.12695 1676.527358 0.111512
28.0 241.483361 1783.614236 0.114151
29.0 242.545202 1886.335605 0.116608
30.0 243.410852 1989.123742 0.119003
31.0 244.152479 2092.214947 0.121362
32.0 244.796757 2196.303971 0.123674
33.0 245.343188 2301.719815 0.125979
34.0 245.802765 2409.021684 0.128276
35.0 246.166782 2516.579213 0.130526
36.0 246.445401 2626.675249 0.132806
37.0 246.68361 2738.96447 0.135079
38.0 246.86666 2853.32721 0.137365
39.0 247.048058 2973.514012 0.139707
40.0 247.19231 3097.815962 0.142097
41.0 247.28106 3226.141465 0.144531
42.0 247.309996 3357.170913 0.14697
43.0 247.315824 3491.248133 0.149432
44.0 247.278304 3629.036579 0.151914
45.0 247.19182 3769.478509 0.154405
46.0 247.104932 3915.446832 0.156958
47.0 246.970843 4063.535301 0.159502
48.0 246.822831 4213.725751 0.162039
49.0 246.670988 4367.687008 0.164598
50.0 246.486127 4524.64914 0.167157
