docs/data/f105w_psf_corr.ecsv
# %ECSV 1.0
# ---
# datatype:
# - {name: n, datatype: float64}
# - {name: r_eff, datatype: float64}
# - {name: sersic_r_20, datatype: float64}
# - {name: sersic_r_80, datatype: float64}
# - {name: sersic_r_99, datatype: float64}
# - {name: sersic_L_inf, datatype: float64}
# - {name: p02, datatype: float64}
# - {name: p03, datatype: float64}
# - {name: p04, datatype: float64}
# - {name: p05, datatype: float64}
# - {name: p0502, datatype: float64}
# - {name: p0302, datatype: float64}
# - {name: u_epsilon, datatype: float64}
# - {name: u_epsilon_50, datatype: float64}
# - {name: u_epsilon_80, datatype: float64}
# - {name: u_r_50, datatype: float64}
# - {name: u_r_99, datatype: float64}
# - {name: u_r_20, datatype: float64}
# - {name: u_r_80, datatype: float64}
# - {name: u_c2080, datatype: float64}
# - {name: u_c5090, datatype: float64}
# - {name: c_epsilon, datatype: float64}
# - {name: c_epsilon_50, datatype: float64}
# - {name: c_epsilon_80, datatype: float64}
# - {name: c_r_50, datatype: float64}
# - {name: c_r_99, datatype: float64}
# - {name: c_r_20, datatype: float64}
# - {name: c_r_80, datatype: float64}
# - {name: c_c2080, datatype: float64}
# - {name: c_c5090, datatype: float64}
# schema: astropy-2.0
n r_eff sersic_r_20 sersic_r_80 sersic_r_99 sersic_L_inf p02 p03 p04 p05 p0502 p0302 u_epsilon u_epsilon_50 u_epsilon_80 u_r_50 u_r_99 u_r_20 u_r_80 u_c2080 u_c5090 c_epsilon c_epsilon_50 c_epsilon_80 c_r_50 c_r_99 c_r_20 c_r_80 c_c2080 c_c5090
[from data line 156]
1.1 8.0 3.8025598900560404 14.395688050373096 34.06264078032564 12194.472365043426 21.469493898779756 17.245649129825967 14.134426885377076 11.661932386477297 1.325256438876171 0.4757113048512282 2.0 0.42292641112125673 0.7707638410077706 9.08001600320064 42.930386077215445 4.468693738747749 16.547909581916382 2.842812739317629 1.9030605460710661 1.6869702732182275 0.42007528464677707 0.7494026111157944 9.01880376075215 36.21744348869774 4.448289657931586 16.323464692938586 2.823096424439065 1.8725942303343321
1.1 7.5 3.564899896927539 13.495957547224787 31.933725731555285 10717.797977088947 20.391078215643127 16.4002800560112 13.473694738947788 11.136227245449088 1.3135105297393022 0.4729446312537073 2.0 0.421592191102173 0.7692451071761418 8.596719343868774 40.788757751550314 4.253050610122024 15.685737147429487 2.8340219117453302 1.910824148513691 1.686257289364682 0.41882572227399817 0.7461833880128371 8.540308061612322 34.37667533506701 4.234246849369875 15.478895779155833 2.814819015286228 1.8793270542916427
1.1 7.0 3.3272399037990352 12.596227044076459 29.804810682784932 9336.392904486373 19.29905981196239 15.524704940988197 12.782956591318262 10.610922184436888 1.2989151123106581 0.4725639863490045 2.0 0.4203221526597288 0.7678489987147062 8.111822364472893 38.601120224044806 4.010202040408082 14.818763752750549 2.838228603757766 1.9203505724648502 1.692626220128022 0.41758572080102824 0.7468524106851058 8.059011802360471 32.668733746749346 3.9925985197039404 14.625125025005 2.8192197299320423 1.8873177284556606
1.1 6.5 3.089579910670533 11.696496540928141 27.6758956340147 8050.257147235699 18.19723944788958 14.660732146429286 12.120424084816964 10.094818963792758 1.2795348743780777 0.46924925285390917 2.0 0.4191254067364347 0.7670719373845747 7.626925385077015 36.398279655931184 3.788557711542308 13.958591718343667 2.8318384862659194 1.9320680426411467 1.7066281926201783 0.41642115908891036 0.7461146622219572 7.577715543108622 31.050810162032406 3.772154430886177 13.778155631126225 2.813008108496792 1.8995891862975425
1.1 6.0 2.8519199175420304 10.796766037779822 25.546980585244228 6859.390705336926 17.09741948389678 13.80116023204641 11.444488897779555 9.580716143228646 1.2576629704791937 0.465074845622661 2.0 0.4177255177255177 0.7654030654030654 7.142028405681136 34.188237647529505 3.5541108221644326 13.08641728345669 2.8304489941768733 1.9436112037469493 1.729134101597032 0.41505791505791506 0.7441182703127298 7.096419283856771 29.566513302660532 3.5389077815563112 12.934386877375475 2.8143830056982417 1.9136444896642624
1.1 5.5 2.6142599244135276 9.897035534631502 23.418065536473875 5763.793578790056 15.978195639127826 12.924584916983397 10.765753150630127 9.06141228245649 1.2316592186310948 0.4605556506314385 2.0 0.4157621283255086 0.7645571205007824 6.6431286257251445 31.96019203840768 3.324464892978596 12.216243248649729 2.8260796034496822 1.9609092792324057 1.767279575614529 0.41400938967136147 0.746560005678455 6.61512302460492 28.23544708941788 3.3104620924184838 12.07621524304861 2.81021112977144 1.9307678421192227
1.1 5.0 2.3765999312850257 8.997305031483192 21.289150487703616 4763.4657675950875 14.858371674334867 12.060612122424486 10.107221444288859 8.544508901780356 1.201420556140129 0.45300933659122766 2.0 0.41454285983548067 0.7626183071475692 6.159431886377275 29.71174234846969 3.0836167233446687 11.33126625325065 2.826090260349618 1.9740014413950415 1.8156576451851578 0.4120387199267606 0.7410088786982515 6.122224444888977 26.983196639327865 3.0712142428485696 11.219643928785757 2.813344805117816 1.953426313478646
1.1 4.5 2.1389399381565233 8.097574528334873 19.16023543893317 3858.4072717520207 13.739747949589917 11.208441688337667 9.441088217643529 8.027205441088217 1.167071938843875 0.44216764539375814 2.0 0.41195311931280487 0.7600931790056054 5.6601320264052815 27.482096419283856 2.848369673934787 10.443488697739548 2.821246238997092 1.9950195582362762 1.8835821769243815 0.4111378030137585 0.7472219633487229 5.648929785957192 25.880176035207043 2.848369673934787 10.376275255051011 2.8072256531989215 1.9751797348764182
1.1 4.0 1.9012799450280202 7.197844025186548 17.03132039016282 3048.6180912608565 12.609721944388877 10.35507101420284 8.77375475095019 7.518903780756151 1.1227549144687277 0.42776214251782657 2.0 0.4100672631512152 0.7566945872200014 5.170834166833367 25.214842968593718 2.6103220644128826 9.541708341668334 2.814660215550165 2.0106505678021223 1.9645678002562912 0.4100672631512152 0.7452287526481945 5.170834166833367 24.7747549509902 2.6103220644128826 9.521704340868174 2.8101029883123845 2.002314642965647
1.0 9.0 4.391030055822414 15.77555741029712 35.59762609718227 18067.637943591526 23.22364472894579 18.942788557711545 15.689337867573515 13.013802760552112 1.2576307945590668 0.44243233743361426 2.0 0.43201688272535427 0.7671045264653947 10.033006601320265 46.440688137627525 5.02880576115223 17.81496299259852 2.746600316520515 1.8223467662822057 1.6322862694166542 0.4292777466729833 0.7452385325466212 9.969393878775755 37.916583316663335 5.0076015203040605 17.581716343268653 2.727157532109634 1.7880423664991292
1.0 8.5 4.147083941610058 14.899137554169501 33.619980202894304 16115.886931166511 22.18403680736147 18.082616523304658 14.99139827965593 12.465893178635726 1.251585880404157 0.44389652399080554 2.0 0.4301159624159138 0.765559342819528 9.541708341668334 44.36867373474695 4.780756151230246 16.983196639327865 2.7526142279908234 1.8301328325543962 1.626568226488614 0.4274107738642718 0.7439599949146299 9.481696339267854 36.0870174034807 4.760752150430086 16.743148629725944 2.7308078012646817 1.7942763362709706
1.0 8.0 3.903137827397701 14.02271769804188 31.642334308606404 14275.66454802293 21.132226445289056 17.236447289457892 14.309861972394478 11.934386877375475 1.2407257175442126 0.44248750092971684 2.0 0.4281616811813707 0.7636217341915943 9.048009601920384 42.255451090218045 4.553910782156432 16.1370274054811 2.7471950933597915 1.8387725883060018 1.6281626277372712 0.4254922377887164 0.7427500012817336 8.991598319663932 34.41428285657132 4.516303260652131 15.930186037207443 2.7371887570696796 1.8034301934125927
1.0 7.5 3.659191713185345 13.146297841914263 29.664688414318505 12546.970794160778 20.064612922584516 16.361472294458892 13.619723944788957 11.376475295059011 1.2321152894385317 0.4430420232999761 2.0 0.4270958994247431 0.7622404115529944 8.569513902780557 40.13262652530506 4.309461892378476 15.294058811762351 2.750498555987785 1.8454670318041653 1.635652396258887 0.423586532805599 0.739807739287231 8.499099819963991 32.82716543308661 4.291858371674334 15.082816563312662 2.729185335445612 1.8151823876996418
1.0 7.0 3.4152455989729886 12.269877985786641 27.687042520030552 10929.805669580057 18.994198839767954 15.490898179635927 12.917383476695338 10.841968393678735 1.2175642159096576 0.44272190355252733 2.0 0.42572036397337604 0.7607949279636026 8.08621724344869 37.98939787957591 4.067413482696539 14.450690138027605 2.752851323921932 1.8562751871792056 1.6496157800632059 0.4222659870250231 0.7411414081897344 8.020604120824164 31.329665933186636 4.051010202040407 14.25385077015403 2.7318443537737207 1.8246976026729558
1.0 6.5 3.1712994847606324 11.393458129659031 25.709396625742702 9424.169174280762 17.89837967593519 14.632926585317064 12.23004600920184 10.304660932186437 1.1989000514324444 0.437412613827321 2.0 0.4245143840668797 0.7608802557167444 7.598119623924784 35.799759951990396 3.827765553110622 13.618523704740948 2.7559235064526044 1.8706347414614464 1.6653500391080116 0.42111674899970936 0.7383684469455012 7.537307461492298 29.809761952390478 3.8125625125025002 13.436087217443488 2.7352792050239794 1.8379400740904446
1.0 6.0 2.9273533705482757 10.51703827353141 23.731750731454802 8030.061308262898 16.801960392078417 13.7625525105021 11.532706541308261 9.75735147029406 1.1801400378418996 0.4333048378858253 2.0 0.4228804781350826 0.7595752026954626 7.105221044208841 33.59851970394079 3.590518103620724 12.762352470494099 2.7538680699128237 1.8860620203299825 1.6955696358244463 0.42038026978438675 0.7403768545974371 7.063212642528505 28.4874974994999 3.576515303060612 12.608321664332866 2.7359859620437588 1.8499114512512582
1.0 5.5 2.68340725633592 9.640618417403795 21.754104837166945 6747.482071526463 15.707141428285656 12.885577115423084 10.844168833766753 9.21884376875375 1.1571034955102324 0.42996639899918837 2.0 0.42148497198166074 0.7589276617422314 6.620324064812962 31.41888377675535 3.3556711342268453 11.920584116823365 2.752590722827992 1.9011382236434748 1.732394116577704 0.41822465613856347 0.7402361059953833 6.569113822764553 27.206841368273654 3.342868573714743 11.766953390678136 2.7327236537169517 1.87202710954981
1.0 5.0 2.4394611421235632 8.764198561276174 19.776458942879003 5576.431464071458 14.599519903980797 12.014802960592117 10.161832366473295 8.674734946989398 1.1304118027246288 0.42310960814190385 2.0 0.4189605798610635 0.7567104668210405 6.116623324664933 29.19363872774555 3.111622324464893 11.04760952190438 2.7514071849899944 1.9214425627461083 1.7994304205586398 0.4173711686283107 0.7382948782128458 6.093418683736748 26.26985397079416 3.111622324464893 10.943188637727546 2.7307850346237017 1.8919659411372225
1.0 4.5 2.195515027911207 7.88777870514856 17.798813048591136 4516.9094858978815 13.496499299859972 11.153430686137227 9.478295659131826 8.131826365273055 1.100165198523372 0.41406331917967576 2.0 0.4170656153196282 0.7546428730231661 5.628925785157031 26.994798959791957 2.872374474894979 10.18503700740148 2.748607762993674 1.9382087796566232 1.870269205961332 0.4155241666543153 0.7429290695042877 5.608121624324864 25.247249449889978 2.872374474894979 10.112222444488896 2.7330277786079105 1.919790457911651
1.0 4.0 1.9515689136988505 7.01135884902094 15.821167154303202 3568.9161370057327 12.391678335667134 10.295059011802362 8.800160032006401 7.596719343868775 1.0625202474170243 0.4025064554092693 2.0 0.41486133083653504 0.7497659251606237 5.140828165633127 24.786757351470293 2.62872574514903 9.290858171634326 2.7415527595905615 1.9520449375793925 1.9824140407209785 0.41486133083653504 0.7369239576162682 5.140828165633127 24.565913182636525 2.62872574514903 9.281656331266253 2.7394010268127604 1.947293957586807
