docs/data/f105w_psf_corr.ecsv
# %ECSV 1.0
# ---
# datatype:
# - {name: n, datatype: float64}
# - {name: r_eff, datatype: float64}
# - {name: sersic_r_20, datatype: float64}
# - {name: sersic_r_80, datatype: float64}
# - {name: sersic_r_99, datatype: float64}
# - {name: sersic_L_inf, datatype: float64}
# - {name: p02, datatype: float64}
# - {name: p03, datatype: float64}
# - {name: p04, datatype: float64}
# - {name: p05, datatype: float64}
# - {name: p0502, datatype: float64}
# - {name: p0302, datatype: float64}
# - {name: u_epsilon, datatype: float64}
# - {name: u_epsilon_50, datatype: float64}
# - {name: u_epsilon_80, datatype: float64}
# - {name: u_r_50, datatype: float64}
# - {name: u_r_99, datatype: float64}
# - {name: u_r_20, datatype: float64}
# - {name: u_r_80, datatype: float64}
# - {name: u_c2080, datatype: float64}
# - {name: u_c5090, datatype: float64}
# - {name: c_epsilon, datatype: float64}
# - {name: c_epsilon_50, datatype: float64}
# - {name: c_epsilon_80, datatype: float64}
# - {name: c_r_50, datatype: float64}
# - {name: c_r_99, datatype: float64}
# - {name: c_r_20, datatype: float64}
# - {name: c_r_80, datatype: float64}
# - {name: c_c2080, datatype: float64}
# - {name: c_c5090, datatype: float64}
# schema: astropy-2.0
n r_eff sersic_r_20 sersic_r_80 sersic_r_99 sersic_L_inf p02 p03 p04 p05 p0502 p0302 u_epsilon u_epsilon_50 u_epsilon_80 u_r_50 u_r_99 u_r_20 u_r_80 u_c2080 u_c5090 c_epsilon c_epsilon_50 c_epsilon_80 c_r_50 c_r_99 c_r_20 c_r_80 c_c2080 c_c5090
[from data line 125]
1.4 7.0 3.0915984641976078 13.550773090064965 36.59555870598615 5715.664776422289 20.038207641528306 15.502900580116023 12.34126825365073 9.964592918583717 1.516996556581305 0.557229553281725 2.0 0.40785257210170606 0.7862854518772898 8.17263452690538 40.08221644328866 3.851770354070814 15.755751150230045 3.0588936332167362 2.0809093289806557 1.8960765534156216 0.4067744157490691 0.768580633034591 8.151030206041208 37.98659731946389 3.851770354070814 15.690938187637528 3.049942626780454 2.068972075284001
1.4 6.5 2.8707700024692064 12.582860726488875 33.98159022698714 4928.302791915137 18.93118623724745 14.647929585917183 11.718343668733747 9.516103220644128 1.4935934187944104 0.5570079215839229 2.0 0.4057503936092649 0.7850946247239452 7.681336267253451 37.86737347469494 3.6405281056211245 14.862772554510903 3.0546772178905677 2.0935262165427035 1.8857245803830913 0.40469372444181456 0.7669401052397306 7.661332266453291 35.706941388277656 3.6405281056211245 14.762752550510102 3.040014760193863 2.077516838689382
1.4 6.0 2.6499415407408065 11.614948362912827 31.367621747988274 4199.263917371479 17.806561312262453 13.815763152630526 11.098219643928784 9.08381676335267 1.461558471378297 0.5510259001437021 2.0 0.40463966747177443 0.7837443127562771 7.2052410482096425 35.617723544708944 3.4256851370274055 13.955791158231648 3.0500350920136734 2.104976670556697 1.868485177626353 0.4035836656743246 0.7655100108480493 7.186437287457492 33.26725345069014 3.4256851370274055 13.861772354470896 3.0353565946934835 2.084701554850105
1.4 5.5 2.429113079012405 10.64703599933674 28.753653268989115 3528.548152791312 16.655131026205243 12.965593118623726 10.476895379075815 8.614722944588918 1.4315336942163746 0.5437783251427536 2.0 0.4029714505338762 0.7820535918038889 6.711542308461692 33.30806161232246 3.219243848769754 13.025205041008201 3.0351534704958 2.116836201973001 1.9038747942805017 0.4019385291680178 0.7638016592774985 6.6943388677735545 31.708141628325663 3.2020404080816163 12.956391278255651 3.035286234410032 2.103428391740388
1.4 5.0 2.2082846172840047 9.679123635760673 26.139684789990106 2916.1554981746376 15.502900580116021 12.121024204840968 9.876975395079015 8.17023404680936 1.3908923214300302 0.5343682171548377 2.0 0.40267616356340086 0.7821133175911947 6.242648529705941 31.00480096019204 2.9971994398879778 12.125025005001 3.03483500069629 2.130217637045398 1.8847073767297613 0.4006632343643144 0.7648206415246638 6.211442288457691 29.226045209041807 2.9971994398879778 12.03140628125625 3.0180037485125477 2.114482995411636
1.4 4.5 1.9874561555556043 8.711211272184606 23.525716310991093 2362.0859535214563 14.34486897379476 11.277055411082218 9.260252050410083 7.712142428485698 1.3476077209689783 0.5225043567777313 2.0 0.40062752754148645 0.779375261469809 5.746949389877975 28.683536707341467 2.7783556711342268 11.18003600720144 3.023276805567838 2.1475806654499414 1.9232311832016347 0.39965137358806296 0.7598376034620922 5.732946589317863 27.59131826365273 2.7783556711342268 11.124024804960992 3.0123705372438603 2.1331087565039404
1.4 4.0 1.7666276938272039 7.743298908608538 20.911747831992084 1866.3395188317681 13.169633926785357 10.44748949789958 8.632726545309062 7.271654330866173 1.289702386456707 0.5028087994839963 2.0 0.3989519252677147 0.7747095010252905 5.254050810162032 26.338267653530707 2.5503100620124024 10.20264052810562 3.0105980047949994 2.156497281097339 2.0050380199827735 0.3989519252677147 0.7654948397719007 5.254050810162032 26.4002800560112 2.5503100620124024 10.20264052810562 3.0105980047949994 2.156497281097339
1.3 9.0 4.0703949237677675 17.01780541740741 44.04378377999504 11156.04312154458 24.104420884176832 18.863172634526904 15.032006401280256 12.052210442088416 1.505149978319906 0.5324098124687326 2.0 0.41832229580573954 0.7896811565337185 10.083416683336667 48.212642528505704 4.775955191038207 19.034806961392277 3.0024411666895396 2.0082564132716545 1.8585850436580975 0.4172268419392854 0.7704715798778354 10.057011402280457 44.80636127225445 4.775955191038207 18.902780556111225 2.987327245507718 1.9890002219401555
1.3 8.5 3.844261872447336 16.072371783107 41.59690690332865 9950.915006562911 23.054610922184438 18.05361072214443 14.402880576115223 11.602320464092818 1.4910647024937427 0.5309686174199512 2.0 0.41672017353579177 0.7868373101952277 9.607321464292859 46.12022404480896 4.571914382876575 18.14022804560912 2.992723267582699 2.009852876248567 1.8447656631567464 0.415644251626898 0.7680364937052196 9.58251650330066 42.52350470094019 4.547109421884377 18.016203240648128 2.9896393362752316 1.9886390478266867
1.3 8.0 3.618128821126904 15.126938148806572 39.15003002666209 8814.651355294482 22.000400080016004 17.20244048809762 13.761952390478095 11.117223444688937 1.4821712198741608 0.5342025725775189 2.0 0.414611747590471 0.7837697763229677 9.121624324864973 43.99819963992799 4.341468293658732 17.243248649729946 2.9949122858301234 2.01465242388703 1.8446496103395864 0.413557010365521 0.7639494071656993 9.098419683936788 40.5871174234847 4.341468293658732 17.127225445089017 2.9802519035485693 1.9938115525301194
1.3 7.5 3.3919957698064724 14.18150451450616 36.70315314999586 7747.252167739291 20.91658331666333 16.364672934586917 13.122824564912982 10.658131626325265 1.4640483270864508 0.5329170746691294 2.0 0.41285553068992564 0.7821101356133204 8.635527105421085 41.84016803360672 4.124624924984998 16.359071814362874 2.9918709851760745 2.0255492613340125 1.822071839748201 0.41180352326849146 0.7633484709668878 8.613522704540909 38.12142428485697 4.124624924984998 16.227045409081818 2.974274947993595 2.0003951148066164
1.3 7.0 3.1658627184860415 13.236070880205762 34.256276273329476 6748.71744389734 19.82116423284657 15.51490298059612 12.48609721944389 10.178435687137428 1.4472406155708302 0.5319004791855618 2.0 0.411773610802737 0.7803019599136104 8.161832366473295 39.645329065813165 3.9177835567113424 15.466493298659731 2.9817570930484765 2.028406624072269 1.8268772842047727 0.4097147932099388 0.7588382995144406 8.121024204840968 36.21744348869774 3.897379475895179 15.344068813762751 2.975839218717052 2.0113826421875762
1.3 6.5 2.9397296671656092 12.290637245905339 31.809399396663085 5819.047183768623 18.71874374874975 14.670934186837366 11.858371674334867 9.710942188437688 1.4250766518144946 0.5290946508093781 2.0 0.4100347314987978 0.7787015762757148 7.675335067013403 37.441688337667536 3.688937787557512 14.576315263052612 2.9837321087873745 2.0416940874437848 1.8192060413539815 0.40802564787603535 0.7598794529787576 7.637727545509103 34.05701140228046 3.670134026805361 14.444688937787559 2.9751313483308506 2.020970138757132
1.3 6.0 2.713596615845178 11.345203611604928 29.362522519996695 4958.241387353146 17.58991798359672 13.815563112622524 11.216243248649729 9.24004800960192 1.3979479336958514 0.5244761166471987 2.0 0.4091229586498657 0.7774075421916934 7.1964392878575705 35.18603720744149 3.464492898579716 13.674534906981394 2.981364443670866 2.0520892563885225 1.824053568785029 0.4071214120001819 0.7572848938365027 7.1612322464492895 32.0878175635127 3.464492898579716 13.551310262052409 2.961708066276522 2.029452711171364
1.3 5.5 2.487463564524747 10.399769977304528 26.9156456433303 4166.300054650908 16.44628925785157 12.962592518503701 10.580716143228646 8.765953190638129 1.3663438857133112 0.5168802762864408 2.0 0.4072127957185428 0.7760019461168886 6.697139427885577 32.89437887577515 3.2404480896179235 12.762352470494099 2.976628330652227 2.0657070746537283 1.854828342555035 0.4052666788298972 0.7584057589545627 6.6651330266053215 30.50990198039608 3.2404480896179235 12.66633326665333 2.960229209985475 2.0498981446887394
1.3 5.0 2.2613305132043156 9.454336343004115 24.46876876666391 3443.223185661908 15.30386077215443 12.120424084816962 9.944588917783557 8.294458891778355 1.3300647346834449 0.50641595135817 2.0 0.4060310571996236 0.774952943636934 6.213842768553711 30.612322464492898 3.0308061612322463 11.859771954390878 2.9625908841776916 2.080108692382464 1.8772380340672485 0.4041488026769843 0.7578826218440028 6.185037007401481 28.725545109021805 3.016403280656131 11.773354670934188 2.95705411414367 2.0649469471885276
1.3 4.5 2.0351974618838837 8.508902708703705 22.02189188999752 2789.010780386145 14.153230646129225 11.271654330866173 9.314862972594518 7.827165433086617 1.2862553554269698 0.4943396119994062 2.0 0.40367763455450023 0.7721477838082316 5.7133426685337065 28.303060612122426 2.7955591118223646 10.928385677135427 2.9604366681338097 2.0971629743477163 1.9248437395344795 0.40274479873360475 0.7562285822659781 5.700140028005602 27.246849369873974 2.7955591118223646 10.875575115023006 2.949917762518627 2.086850613589602
1.3 4.0 1.809064410563452 7.563469074403286 19.575015013331043 2203.6628388236204 13.00620124024805 10.433286657331466 8.686537307461492 7.352870574114823 1.2384677392829833 0.47864664751346586 2.0 0.4024885416346243 0.7682334122858285 5.234846969393879 26.014602920584117 2.5663132626525305 9.991798359671934 2.9516699637785138 2.1081088975950797 1.983009189849307 0.4024885416346243 0.7587644489313518 5.234846969393879 25.794158831766353 2.5663132626525305 9.980196039207842 2.949147018788131 2.104459944823468
1.2 9.0 4.171204351329328 16.608950224261378 41.13462893104486 13140.214677802362 23.866773354670936 18.92118423684737 15.255051010202042 12.376275255051011 1.4260187460515872 0.5042269723240692 2.0 0.4222864805967647 0.7812002346827591 10.07861572314463 47.73534706941388 4.8559711942388475 18.644728945789158 2.921399861045872 1.9462288339708798 1.785554440448184 0.42024138798089006 0.7617028998119457 10.029805961192238 42.610322064412884 4.8559711942388475 18.473894778955792 2.9014118193611953 1.9243430472425602
1.2 8.5 3.9394707762554764 15.686230767357966 38.84937176820903 11720.747042854578 22.796159231846367 18.091818363672733 14.604520904180836 11.889577915583116 1.4134762229734812 0.5018973148014529 2.0 0.4204970252198179 0.7798223907053478 9.585717143428687 45.599319863972795 4.643128625725145 17.776955391078218 2.9152333389471026 1.9544224172393627 1.7724254273736897 0.41846118745502736 0.7587183751484357 9.539307861572315 40.40148029605921 4.6199239847969595 17.59131826365273 2.903317780706475 1.9304958432153516
1.2 8.0 3.707737201181625 14.763511310454556 36.56411460537304 10382.391844189524 21.738947789557912 17.247249449889978 13.954790958191639 11.381876375275056 1.4051232765469677 0.5025933740698958 2.0 0.41867805250614226 0.7774424190001195 9.101620324064813 43.47409481896379 4.413482696539308 16.900780156031203 2.915626621428374 1.958696678853159 1.7737647289414171 0.4166904382873391 0.7572237483070056 9.058411682336468 38.56991398279656 4.391878375675135 16.727945589117823 2.9039615124859934 1.9353070907663883
1.2 7.5 3.4760036261077736 13.840791853551146 34.27885744253723 9125.1490818072 20.66593318663733 16.40088017603521 13.310262052410483 10.899579915983198 1.3892263049261615 0.5019393264137455 2.0 0.41764996273315963 0.7760504893087726 8.631126225245048 41.33886777355471 4.183036607321464 16.037807561512302 2.9182666638913677 1.96592661051335 1.7562637147815152 0.4146879749102208 0.7551203200544694 8.56991398279656 36.299059811962394 4.162632526505301 15.854170834166833 2.9038773005351675 1.9436891429255312
1.2 7.0 3.2442700510339217 12.918072396647739 31.993600279701553 7949.018755707603 19.57391478295659 15.54510902180436 12.6375275055011 10.39507901580316 1.3742494918587067 0.500419605169246 2.0 0.41613694430250386 0.7744609095554422 8.145429085817163 39.152830566113224 3.9709941988397683 15.159231846369275 2.908889712643456 1.976080049914339 1.7497323790359955 0.4132549821154829 0.7525401993818673 8.089017803560711 34.24504900980196 3.9521904380876176 14.989997999599922 2.894818558979394 1.9504360743854265
1.2 6.5 3.0125364759600712 11.995352939744334 29.70834311686573 6854.000865890739 18.48009601920384 14.687937587517503 11.981796359271854 9.89877975595119 1.355612809651908 0.49871702481256996 2.0 0.4141824164880604 0.7723474269879412 7.6541308261652325 36.96399279855971 3.728545709141828 14.273054610922182 2.9148872794674037 1.9872810940401702 1.7624482243222808 0.41132471693619965 0.7528103972254673 7.60132026405281 32.5631126225245 3.728545709141828 14.114622924584916 2.8906490439011163 1.963981435889863
1.2 6.0 2.7808029008862185 11.072633482840919 27.42308595402978 5840.095412356606 17.350470094018803 13.813962792558511 11.340068013602721 9.414082816563312 1.3276661577708313 0.4949648207817444 2.0 0.4131088949097827 0.7723640975384793 7.167633526705341 34.70874174834967 3.5097019403880774 13.400880176035207 2.909315440830445 2.0007139629587156 1.7692598122677268 0.4102726696258719 0.748603275111784 7.118423684736947 30.689937987597517 3.493298659731946 13.236847369473894 2.8927442195168798 1.9757545182696434
1.2 5.5 2.549069325812367 10.149914025937509 25.137828791193968 4907.302395105204 16.233246649329867 12.962592518503701 10.682136427285457 8.911782356471294 1.3022040789467857 0.4885675914582868 2.0 0.41176833025261855 0.7710536044362292 6.684336867373474 32.471094218843774 3.2796559311862374 12.516703340668133 2.9083083742726625 2.0158350495168897 1.7840615676162648 0.40903265557609364 0.7519343743187069 6.63992798559712 28.962792558511705 3.2796559311862374 12.368673734746949 2.8824742472288936 1.9880901248316167
1.2 5.0 2.3173357507385157 9.227194569034099 22.852571628358255 4055.621814136533 15.100220044008802 12.105021004200841 10.034606921384277 8.419683936787358 1.2684374349332246 0.4800886431568573 2.0 0.4094401610894735 0.7688710489362265 6.182636527305461 30.20504100820164 3.0540108021604317 11.61012202440488 2.89983107716425 2.03551354353456 1.8282280035241434 0.40763850250377553 0.7491988261399583 6.155431086217243 27.606921384276855 3.0404080816163233 11.501300260052009 2.8890753165527947 2.0092440662634856
1.2 4.5 2.085602175664664 8.304475112130689 20.56731446552243 3285.0536694505904 13.959591918383676 11.238447689537908 9.38367673534707 7.931586317263453 1.2275633390707488 0.4708319713007822 2.0 0.40781554511062706 0.7654906568840995 5.692938587717543 27.92138427685537 2.824364872974595 10.685937187437487 2.88945907785822 2.0466759142206543 1.9005482834132128 0.4069557491688639 0.751540560312961 5.680936187237447 26.52910582116423 2.824364872974595 10.625925185037007 2.8772297616577456 2.029746822645409
1.2 4.0 1.8538686005908125 7.381755655227278 18.28205730268652 2595.597961047381 12.817563512702542 10.397079415883177 8.735747149429887 7.4374874974995 1.1818961471020093 0.45447058426387454 2.0 0.40585251658213023 0.7614982442450253 5.202040408081616 25.639727945589115 2.5879175835167034 9.760552110422084 2.8826197152292203 2.0600428052171975 1.9852856582403768 0.40585251658213023 0.7523743373568114 5.202040408081616 25.44528905781156 2.5879175835167034 9.749749949989997 2.880215180879558 2.056547685008874
1.1 9.0 4.277879876313047 16.195149056669745 38.32047087786634 15433.629087008083 23.57971594318864 18.955791158231648 15.482096419283856 12.698539707941588 1.3439239383128712 0.4739832684732863 2.0 0.4263584305408271 0.7745238600212088 10.053410682136427 47.15643128625725 4.945189037807561 18.263052610522102 2.8369523616801344 1.8903757701416513 1.6955616747135742 0.4234570519618239 0.7530256680441796 9.984996999399879 39.97299459891978 4.922384476895379 18.035007001400277 2.819703913751692 1.8614535679674915
