docs/data/f105w_psf_corr.ecsv
# %ECSV 1.0
# ---
# datatype:
# - {name: n, datatype: float64}
# - {name: r_eff, datatype: float64}
# - {name: sersic_r_20, datatype: float64}
# - {name: sersic_r_80, datatype: float64}
# - {name: sersic_r_99, datatype: float64}
# - {name: sersic_L_inf, datatype: float64}
# - {name: p02, datatype: float64}
# - {name: p03, datatype: float64}
# - {name: p04, datatype: float64}
# - {name: p05, datatype: float64}
# - {name: p0502, datatype: float64}
# - {name: p0302, datatype: float64}
# - {name: u_epsilon, datatype: float64}
# - {name: u_epsilon_50, datatype: float64}
# - {name: u_epsilon_80, datatype: float64}
# - {name: u_r_50, datatype: float64}
# - {name: u_r_99, datatype: float64}
# - {name: u_r_20, datatype: float64}
# - {name: u_r_80, datatype: float64}
# - {name: u_c2080, datatype: float64}
# - {name: u_c5090, datatype: float64}
# - {name: c_epsilon, datatype: float64}
# - {name: c_epsilon_50, datatype: float64}
# - {name: c_epsilon_80, datatype: float64}
# - {name: c_r_50, datatype: float64}
# - {name: c_r_99, datatype: float64}
# - {name: c_r_20, datatype: float64}
# - {name: c_r_80, datatype: float64}
# - {name: c_c2080, datatype: float64}
# - {name: c_c5090, datatype: float64}
# schema: astropy-2.0
n r_eff sersic_r_20 sersic_r_80 sersic_r_99 sersic_L_inf p02 p03 p04 p05 p0502 p0302 u_epsilon u_epsilon_50 u_epsilon_80 u_r_50 u_r_99 u_r_20 u_r_80 u_c2080 u_c5090 c_epsilon c_epsilon_50 c_epsilon_80 c_r_50 c_r_99 c_r_20 c_r_80 c_c2080 c_c5090
[from data line 63]
2.0 5.0 1.9393406408702956 10.994109448823899 37.416256421407724 1036.7205175536124 16.32026405281056 11.92898579715943 9.311862372474494 7.488697739547909 1.6916043963332437 0.6806182980613686 2.0 0.38662744377030095 0.8167065024207881 6.309861972394479 32.63832766553311 2.8339667933586714 13.32886577315463 3.361992186586159 2.360912876392111 2.1533282634789095 0.38898081755224617 0.8089153806721594 6.348269653930786 35.14442888577715 2.8531706341268253 13.501700340068014 3.375303597354447 2.390754860375793
2.0 4.5 1.7454065767832656 9.894698503941505 33.674630779266764 839.743619218426 15.15623124624925 11.15643128625725 8.799559911982396 7.148029605921184 1.6320244014595908 0.6653296399597455 2.0 0.3852783570466964 0.8148905841670406 5.839367873574715 30.313462692538508 2.646729345869174 12.350670134026807 3.3449049494943592 2.3761632375844552 2.0926373242103162 0.3869413721194203 0.8067019730907421 5.864572914582917 31.716543308661734 2.6551310262052414 12.45989197839568 3.3571415978120407 2.3959020672418414
2.0 4.0 1.5514725126962365 8.795287559059119 29.933005137126177 663.501131234312 13.933586717343468 10.399479895979196 8.261852370474095 6.8107621524304855 1.5543360542347897 0.635256525693342 2.0 0.38437132110144423 0.8109943434691474 5.355671134226845 27.863772754550908 2.451890378075615 11.3000600120024 3.3178985029093595 2.3824137269938 2.1024651287551803 0.38600798231257355 0.8008327992916802 5.378475695139027 29.29285857171434 2.459491898379676 11.414082816563312 3.3329781149498396 2.4078897929600447
1.9 9.0 3.5625847606244885 19.40017576755149 63.6822629127514 4004.9672173177332 24.987797559511904 18.186837367473498 13.601920384076816 10.430686137227447 1.897075506417556 0.6898539780188702 2.0 0.40202859567382354 0.8294426565477047 10.045809161832366 49.99179835967193 4.382676535307061 20.725945189037805 3.373874633472636 2.268525070562208 2.447006324141691 0.4081127815937365 0.835367717708719 10.197839567913583 61.128025605121024 4.420684136827365 21.33406681336267 3.4179208285642066 2.3430509172800478
1.9 8.5 3.3646633850342393 18.32238822490975 60.144359417598544 3572.3318697679783 23.96919383876775 17.451890378075614 13.070814162832566 10.065613122624525 1.8840659676081182 0.6890547560042517 2.0 0.40075278329522135 0.8273856220059757 9.605721144228847 47.95339067813563 4.204640928185637 19.831766353270655 3.3681624187030827 2.27271402461833 2.3389101189337747 0.40525946821118003 0.8305126641018465 9.713742748549711 56.055011002200445 4.204640928185637 20.33586717343469 3.4226689156412533 2.3352708793001073
1.9 8.0 3.1667420094439898 17.244600682268 56.60645592244569 3164.4185420782087 22.920984196839367 16.666733346669332 12.542308461692338 9.73634726945389 1.8591860305391625 0.691913872949167 2.0 0.3984482728526296 0.8221797490007157 9.132826565313064 45.83136627325465 3.990998199639928 18.845169033806762 3.37059252691715 2.272124688041211 2.3743978226717948 0.402846869490845 0.8244829863440477 9.23364672934587 54.43468693738748 4.024604920984197 19.315663132626526 3.405931843834421 2.336282063050227
1.9 7.5 2.96882063385374 16.16681313962625 53.068552427292836 2781.227234248427 21.819163832766556 15.903180636127226 12.022804560912183 9.382876575315064 1.8325104986429432 0.6867705568536646 2.0 0.39638227258558406 0.819361167647652 8.64872974594919 43.636927385477094 3.8129625925185033 17.877775555111022 3.3552546803205816 2.2735765669174826 2.404653994876646 0.4007279461649888 0.823090895978268 8.743548709741948 52.45509101820364 3.8445689137827563 18.32026405281056 3.390420394527278 2.337246260981341
1.9 7.0 2.770899258263491 15.0890255969845 49.53064893213998 2422.757946278629 20.744948989797958 15.141428285657131 11.505101020204041 9.031206241248249 1.8058330555412851 0.6837276366332143 2.0 0.3949992285736327 0.8160051685566613 8.194238847769554 41.500900180036005 3.6349269853970796 16.927985597119424 3.340547946065042 2.276872283870653 2.373193496117704 0.3992806449124432 0.8163415971047125 8.283056611322266 49.22804560912183 3.6349269853970796 17.312862572514504 3.3893659501632403 2.3317679895937715
1.9 6.5 2.572977882673242 14.011238054342742 45.992745436986866 2089.010678168818 19.622324464892976 14.360472094418883 10.962192438487698 8.66013202640528 1.7761296984472588 0.6779086766206445 2.0 0.3934163846185214 0.8135118052440566 7.719743948789757 39.250850170034006 3.42128425685137 15.962992598519703 3.344625766530473 2.2823955352750454 2.360860334868667 0.39757574521877426 0.8153477985372176 7.801360272054411 46.32426485297059 3.448489697939588 16.316663332666533 3.375012098847201 2.3331962623430336
1.9 6.0 2.3750565070829923 12.933450511701 42.45484194183427 1779.9854299189928 18.520304060812162 13.56631326265253 10.441488297659532 8.30746149229846 1.7408988782884425 0.6759313564470912 2.0 0.39150816024540147 0.8133998682263484 7.250850170034007 37.04320864172835 3.243248649729946 15.064412882576516 3.3348598214185947 2.300031367982934 2.2108312899672327 0.39423004223237534 0.807351813680332 7.301260252050411 40.9499899979996 3.2684536907381476 15.291258251650332 3.3505044354027365 2.3367110833085665
1.9 5.5 2.1771351314927427 11.85566296905925 38.91693844668163 1495.6822015291536 17.366273254650928 12.77895579115823 9.923584716943388 7.95759151830366 1.6946249411838596 0.666056312871449 2.0 0.3902941921809847 0.8098578570276684 6.777955591118224 34.739547909581916 3.065213042608522 14.064212842568514 3.308273827005315 2.306907885257674 2.2391889679037704 0.39296657221185527 0.8077841058159299 6.824364872974595 38.893178635727146 3.065213042608522 14.29625925185037 3.3438087517070256 2.3428816449177186
1.9 5.0 1.9792137559024936 10.777875426417495 35.37903495152855 1236.1009929993004 16.203040608121626 11.986397279455892 9.417883576715344 7.598519703940789 1.644337632224893 0.6545392624693619 2.0 0.38888134421412607 0.8115779207150705 6.301060212042408 32.403480696139226 2.8659731946389275 13.1500300060012 3.308273098358182 2.325542622547778 2.1329080004265797 0.39019000234570794 0.8004610354033254 6.322264452890578 34.56631326265253 2.8659731946389275 13.277255451090218 3.329180934582985 2.353025154219242
1.9 4.5 1.7812923803122442 9.700087883775746 31.8411314563757 1001.2418043294333 15.013002600520103 11.193238647729546 8.874774954990997 7.2404480896179235 1.5835105780741103 0.637558982516699 2.0 0.38724850099933383 0.8055829447035311 5.8137627525505104 30.033006601320267 2.654730946189238 12.094218843768754 3.292786552193385 2.3326138482803054 2.189756280663144 0.3897534976682212 0.8027620168063471 5.851370274054811 32.87237447489498 2.673534706941388 12.263452690538108 3.3076346683735935 2.363720507488712
1.9 4.0 1.5833710047219949 8.622300341134 28.303227961222845 791.1046355195522 13.840768153630725 10.423084616923385 8.331666333266652 6.88637727545509 1.5158469083726633 0.6158196518539306 2.0 0.38668882786529846 0.8067495302789421 5.352070414082816 27.68373674734947 2.461892378475695 11.166033206641329 3.283149256094639 2.353500732450385 2.053687717172104 0.3879028761381703 0.792070416602059 5.3688737747549515 28.423084616923386 2.4786957391478297 11.233246649329866 3.2814103730162367 2.3650668496265563
1.8 9.0 3.6375423250898917 19.009281000607867 60.133081344544436 4769.388042074557 24.874374874974993 18.357071414282856 13.831166233246648 10.64492898579716 1.8430470332369655 0.6597438886310719 2.0 0.4049876555123968 0.8233330920729893 10.07381476295259 49.75375075015003 4.420684136827365 20.479895979195838 3.329191306507364 2.228598807270668 2.3714234454815415 0.4093303417050673 0.825189692654012 10.181836367273455 58.97159431886377 4.456691338267653 20.947989597919584 3.3606489641627553 2.2873105805945713
1.8 8.5 3.4354566403626756 17.95320983390743 56.7923546031807 4254.1763708628 23.87637527505501 17.58231646329266 13.306461292258453 10.29625925185037 1.8264446351465886 0.6644615181394266 2.0 0.4022269139898456 0.8195428877829721 9.603720744148829 47.75935187037407 4.230646129225844 19.56771354270854 3.3256669076203256 2.234882125576547 2.303096743862401 0.40649977378977525 0.8189799407691316 9.705741148229645 55.002800560112014 4.2646529305861165 19.941788357671534 3.3494020496759247 2.282216026681941
1.8 8.0 3.2333709556354595 16.897138667207 53.45162786181728 3768.405366577428 22.834366873374673 16.811762352470492 12.75375075015003 9.919583916783356 1.8104775934131114 0.6648786609040223 2.0 0.39981953411768834 0.8175192073517946 9.129625925185037 45.68093618723745 4.0406081216243255 18.66753350670134 3.323201035445887 2.2427425877496203 2.2500746537034515 0.4040245643851458 0.813703927654121 9.225645129025805 51.378075615123024 4.072614522904581 18.955591118223644 3.3393201327834685 2.2762034089168597
1.8 7.5 3.0312852709082434 15.841067500506561 50.11090112045385 3312.075029218443 21.748349669933987 16.009201840368075 12.203240648129626 9.575315063012603 1.7813661710675848 0.6652831341523969 2.0 0.3978016924208977 0.813088668138337 8.651530306061211 43.488497699539906 3.8505701140228044 17.683336667333467 3.310195898227904 2.2438766000050054 2.283781179514893 0.40194076526857986 0.8107356356906443 8.741548309661933 49.66973394678936 3.8805761152230445 17.98339667933587 3.329877589023769 2.279567846877315
1.8 7.0 2.8291995861810273 14.784996333806124 46.77017437909012 2885.1853587858436 20.6747349469894 15.231046209241848 11.677135427085418 9.19503900780156 1.7594318728659446 0.6635510740907975 2.0 0.39649550569407754 0.812351842713806 8.19743948789758 41.356071214242846 3.660532106421284 16.79515903180636 3.3081995005045233 2.251963604888335 2.169340044376545 0.3992046674987663 0.8050832454103242 8.253450690138028 44.856771354270855 3.6885377075415082 16.99119823964793 3.3168488967554044 2.278851753248923
1.8 6.5 2.6271139014538107 13.72892516710568 43.42944763772654 2487.73635527963 19.549109821964393 14.439087817563513 11.111022204440888 8.83116623324665 1.7255446330066506 0.6579361431044186 2.0 0.3943576939606655 0.8080654073634447 7.7093418683736745 39.09761952390478 3.470494098819764 15.796959391878374 3.290910957340339 2.257610360322552 2.2087658597295965 0.3970181937253136 0.8033993287763891 7.761352270454091 43.180436087217444 3.496499299859972 16.00500100020004 3.3031113000374472 2.286597016318619
1.8 6.0 2.4250282167265946 12.672854000405248 40.088720896363085 2119.728018699803 18.395679135827166 13.62732546509302 10.57751550310062 8.44748949789958 1.6899408266080573 0.6515259871472254 2.0 0.3936385384949978 0.80599173553719 7.24124824964993 36.79115823164633 3.2804560912182437 14.826765353070613 3.2755609269758095 2.2613860216559805 2.2281183971119987 0.3962483688560243 0.8004197405183417 7.289257851570314 40.991998399679936 3.3044608921784357 15.01880376075215 3.2876736315565425 2.292295181293299
1.8 5.5 2.2229425319993785 11.616782833704812 36.74799415499949 1781.1603490463629 17.25285057011402 12.834166833366673 10.036407281456292 8.082416483296658 1.6465981757592911 0.6424659019019258 2.0 0.3921179867125814 0.8066251579765095 6.765153030606122 34.5127025405081 3.0904180836167234 13.916583316663333 3.267576937914352 2.2772602598194864 2.132460024786779 0.3946688000742056 0.7984600030801539 6.809161832366474 36.80116023204641 3.0904180836167234 14.026605321064213 3.284676703061891 2.2951160680087597
1.8 5.0 2.020856847272162 10.560711667004375 33.4072674136358 1472.0333463193078 16.102620524104818 12.02140428085617 9.495899179835966 7.697739547909581 1.6026667286024652 0.6347067783378137 2.0 0.39130650831708025 0.8049865212368165 6.301060212042409 32.206241248249654 2.880376075215043 12.9623924784957 3.266179860172802 2.291735069501465 2.0733192403048566 0.39254879063816056 0.7930063068472412 6.321064212842569 33.386477295459095 2.900380076015203 13.04240848169634 3.264514424319922 2.3039634090922374
1.8 4.5 1.8187711625449459 9.504640500303934 30.066540672272218 1192.3470105186393 14.926985397079417 11.231646329265853 8.95619123824765 7.317863572714543 1.547938996496233 0.617643441752375 2.0 0.38902439024390245 0.8027204502814259 5.806961392278456 29.85977195439088 2.6923384676935385 11.982196439287858 3.2420338943875753 2.3100519707788676 2.055390586080392 0.39023050120611097 0.7926599536017028 5.8249649929986 30.687937587517503 2.6923384676935385 12.03620724144829 3.251800002573422 2.319534390926416
1.8 4.0 1.6166854778177298 8.4485693336035 26.72581393090864 942.101341644357 13.707941588317665 10.43488697739548 8.393278655731146 6.95119023804761 1.4745653542714965 0.592422478396057 2.0 0.38815923882905756 0.7979307124303183 5.320864172834567 27.42128425685137 2.4882976595319066 10.937987597519504 3.215175477647665 2.312606404894622 2.112339515975325 0.39049411902051767 0.7890220720036326 5.352870574114823 28.957591518303662 2.4882976595319066 11.034006801360272 3.234154581269471 2.3308769471825155
1.7 9.0 3.7159444617494515 18.61641812993617 56.69857229469404 5672.071820088401 24.7999599919984 18.471694338867774 14.093218643728747 10.911982396479296 1.782736617569063 0.6397212337401259 2.0 0.4064448477515628 0.8178181084896148 10.079815963192639 49.59571914382876 4.502700540108021 20.28185637127425 3.268173192291287 2.1974351095392732 2.2109970534692254 0.4091873361564831 0.8125106663409721 10.147829565913181 54.832766553310655 4.5367073414682935 20.55391078215643 3.2807685140261365 2.230245907595293
1.7 8.5 3.5095031027633707 17.58217267827305 53.54865161165548 5059.3480123628015 23.768353670734147 17.68133626725345 13.526705341068213 10.53150630126025 1.7675430458137777 0.6424200868647485 2.0 0.4043074281674494 0.8136730125065226 9.609721944388879 47.5373074614923 4.2966593318663735 19.339667933586718 3.2665904581243685 2.198171058181658 2.1962651966497813 0.40700062280125904 0.8065960316451428 9.673734746949389 52.21024204840968 4.328665733146629 19.56371274254851 3.2754861360814798 2.2279790097701744
1.7 8.0 3.303061743777289 16.547927226609925 50.39873092861665 4481.636993650094 22.684736947389478 16.915383076615324 12.958391678335667 10.149229845969193 1.746503298071622 0.6372595499898397 2.0 0.402544951102724 0.8112715055422791 9.131626325265053 45.37887577515503 4.120624124824965 18.403480696139226 3.2496848456333827 2.2029550618949085 2.1826937845005348 0.4051904304194848 0.8047563473807823 9.191638327665533 49.519703940788155 4.120624124824965 18.61352270454091 3.274327862584263 2.2271957869563015
1.7 7.5 3.0966203847912093 15.513681774946807 47.24881024557836 3938.938763950278 21.63372674534907 16.105421084216843 12.410482096419283 9.759151830366074 1.7285963257810217 0.6407962785156645 2.0 0.4009265166856224 0.8087048184415657 8.673534706941389 43.260452090418084 3.9125825165033006 17.495299059811963 3.2522893032765605 2.2043305584434343 2.142530301514546 0.40222105097691113 0.7989120397899068 8.701540308061613 46.34106821364273 3.9125825165033006 17.635327065413083 3.2696000429115974 2.2301096757208216
1.7 7.0 2.8901790258051285 14.479436323283688 44.0988895625398 3431.253323263353 20.539307861572315 15.298059611922383 11.839367873574714 9.391678335667132 1.6992129747395683 0.6397472782305286 2.0 0.39836962873505005 0.8046184113132573 8.182236447289458 41.08321664332867 3.719743948789758 16.52630526105221 3.2383136225093616 2.2137340760523423 2.14979446267873 0.40094082356149446 0.7967430221169362 8.235047009401882 44.14622924584917 3.719743948789758 16.684736947389478 3.259031589941551 2.2298932318012334
