docs/data/f105w_psf_corr.ecsv
# %ECSV 1.0
# ---
# datatype:
# - {name: n, datatype: float64}
# - {name: r_eff, datatype: float64}
# - {name: sersic_r_20, datatype: float64}
# - {name: sersic_r_80, datatype: float64}
# - {name: sersic_r_99, datatype: float64}
# - {name: sersic_L_inf, datatype: float64}
# - {name: p02, datatype: float64}
# - {name: p03, datatype: float64}
# - {name: p04, datatype: float64}
# - {name: p05, datatype: float64}
# - {name: p0502, datatype: float64}
# - {name: p0302, datatype: float64}
# - {name: u_epsilon, datatype: float64}
# - {name: u_epsilon_50, datatype: float64}
# - {name: u_epsilon_80, datatype: float64}
# - {name: u_r_50, datatype: float64}
# - {name: u_r_99, datatype: float64}
# - {name: u_r_20, datatype: float64}
# - {name: u_r_80, datatype: float64}
# - {name: u_c2080, datatype: float64}
# - {name: u_c5090, datatype: float64}
# - {name: c_epsilon, datatype: float64}
# - {name: c_epsilon_50, datatype: float64}
# - {name: c_epsilon_80, datatype: float64}
# - {name: c_r_50, datatype: float64}
# - {name: c_r_99, datatype: float64}
# - {name: c_r_20, datatype: float64}
# - {name: c_r_80, datatype: float64}
# - {name: c_c2080, datatype: float64}
# - {name: c_c5090, datatype: float64}
# schema: astropy-2.0
n r_eff sersic_r_20 sersic_r_80 sersic_r_99 sersic_L_inf p02 p03 p04 p05 p0502 p0302 u_epsilon u_epsilon_50 u_epsilon_80 u_r_50 u_r_99 u_r_20 u_r_80 u_c2080 u_c5090 c_epsilon c_epsilon_50 c_epsilon_80 c_r_50 c_r_99 c_r_20 c_r_80 c_c2080 c_c5090
[from data line 32]
2.3 4.0 1.46329739960917 9.310883562690803 35.150534853646406 388.9973599909276 14.222844568913784 10.307061412282456 8.056611322264454 6.607321464292859 1.6648051351917605 0.6992580013925793 2.0 0.3791139240506329 0.8314908579465541 5.3920784156831365 28.44388877775555 2.3994798959791956 11.82616523304661 3.4636341351917532 2.485784494371751 2.0292905602866065 0.37973277074542894 0.8183724817116651 5.400880176035207 28.86637327465493 2.4082816563312663 11.87897579515903 3.465358598523583 2.495739915754637
2.2 9.0 3.355927224271191 20.563833275384436 75.04931271951799 2355.1776114721683 25.089217843568715 17.735147029405884 12.922984596919385 9.740748149629926 2.054474038676873 0.753261645732813 2.0 0.39654443833169883 0.8458471866752776 9.948989797959593 50.18103620724145 4.187837567513503 21.22164432886577 3.5239460154169624 2.364341533264784 2.8157230128267794 0.40955661332631693 0.8766722760538854 10.275455091018204 70.65233046609322 4.264652930586117 22.489097819563913 3.6104417031915785 2.5025956509175407
2.2 8.5 3.1694868229227913 19.42139809341862 70.87990645732212 2100.7602768995575 24.110422084416882 17.022404480896178 12.445889177835568 9.450690138027605 2.0337064462532766 0.7559195373406314 2.0 0.3948874950219036 0.8421860480552237 9.520904180836167 48.22384476895379 4.018203640728146 20.305461092218444 3.517904564955962 2.3635648690245685 2.7213285513734924 0.4055738085756007 0.8673536726948501 9.778555711142229 65.61532306461292 4.0918183636727345 21.409681936387276 3.5934693417689356 2.49495647884195
2.2 8.0 2.9830464215743917 18.278962911452833 66.7105001951267 1860.8810757310962 23.111822364472896 16.307061412282458 11.97359471894379 9.154230846169234 2.0110616543912982 0.7572924207211019 2.0 0.3923712089738263 0.8397296080875225 9.068413682736548 46.227845569113825 3.855771154230846 19.407681536307262 3.5093120360211874 2.3742401318537034 2.5563956004140143 0.4020478465586484 0.8605672097889485 9.292058411682337 59.078815763152626 3.907381476295259 20.336667333466693 3.5819698559921664 2.4822478992135806
2.2 7.5 2.796606020225992 17.136527729487042 62.54109393293165 1635.5400079667838 22.10122024404881 15.5875175035007 11.488097619523906 8.846969393878776 1.9881086380786144 0.7581964914132356 2.0 0.3906357481626299 0.8388454436841533 8.633526705341069 44.20864172834567 3.67253450690138 18.539507901580315 3.5156615864916225 2.3816110774817094 2.4141746346469475 0.39860070236414324 0.8509943655485104 8.809561912382478 53.3624724944989 3.7205441088217643 19.24364872974595 3.568404815470802 2.4694659163659383
2.2 7.0 2.6101656188775926 15.994092547521229 58.37168767073621 1424.7370736066205 21.019203840768153 14.837967593518703 11.012202440488098 8.536707341468293 1.9566293444535172 0.7562092184429758 2.0 0.3891410896978349 0.8349369497977635 8.179435887177435 42.033806761352274 3.501700340068014 17.549709941988397 3.4999548229122435 2.3815309520957446 2.4181014087448722 0.39618367832500595 0.8471863445784769 8.32746549309862 50.82676535307061 3.546109221844369 18.201040208041608 3.551720505604614 2.4662964283870648
2.2 6.5 2.4237252175291935 14.851657365555427 54.20228140854076 1228.4722726506066 19.926585317063413 14.089217843568715 10.552710542108422 8.223444688937787 1.9218955365046184 0.7527299943709063 2.0 0.38748958469276096 0.832311043739271 7.721344268853771 39.85777155431086 3.324464892978596 16.58511702340468 3.4899839457157937 2.387143426734726 2.3773072600991956 0.3938140604138014 0.8404956229775242 7.847369473894779 47.37727545509102 3.3664732946589315 17.13122624524905 3.533066385008579 2.461964526864046
2.2 6.0 2.237284816180794 13.709222183589624 50.03287514634502 1046.7456050987416 18.82776555311062 13.340668133626725 10.077015403080615 7.918583716743348 1.8807563461412635 0.7481060054266531 2.0 0.3863047173820655 0.8323735656608585 7.273254650930186 37.65373074614923 3.1508301660332068 15.671734346869373 3.4834603326476055 2.4005650386647663 2.250452333993573 0.39106459838504043 0.8347407335598462 7.362872574514903 42.36507301460292 3.1764352870574113 16.055811162232445 3.5184611983420226 2.4547007119778455
2.2 5.5 2.0508444148323943 12.566787001623814 45.863468884149604 879.5570709510258 17.67993598719744 12.581316263252651 9.607121424284857 7.600720144028806 1.833129730018178 0.7387730433644708 2.0 0.38468240139394905 0.831583354076622 6.80116023204641 35.35447089417884 2.9723944788957795 14.702340468093618 3.471400148574607 2.4145788426314043 2.192026019230014 0.3886198547215497 0.8290038382569407 6.870774154830967 38.75395079015804 2.995599119823965 14.980796159231847 3.495256001939993 2.4561006797562794
2.2 5.0 1.8644040134839948 11.424351819658021 41.69406262195419 726.9066702074593 16.4372874574915 11.805361072214444 9.120824164832968 7.283456691338268 1.7674630401984004 0.7187543775671444 2.0 0.3828526226116587 0.8244736521844954 6.293058611722344 32.87717543508701 2.782356471294259 13.552110422084416 3.437970806223097 2.410132346628696 2.3716949532270717 0.3881100158208592 0.8311635331523489 6.379475895179036 38.98039607921584 2.8039607921584313 13.951790358071614 3.4842900263391643 2.4766374084711833
2.2 4.5 1.6779636121355954 10.281916637692218 37.52465635975899 588.7944028680421 15.330266053210641 11.06641328265653 8.625725145029005 6.978995799159832 1.7087837754348638 0.7077140339943068 2.0 0.38153087321885276 0.8268568296883971 5.8489697939587915 30.660332066413282 2.603520704140828 12.675935187037407 3.4370948712627474 2.4404105190876164 2.114587710003348 0.3840362231849262 0.8198104525498967 5.887377475495099 32.41748349669934 2.6131226245249053 12.839167833566714 3.456885429473176 2.467513720640661
2.2 4.0 1.4915232107871959 9.139481455726417 33.35525009756335 465.22026893277405 14.046609321864372 10.322064412882577 8.12002400480096 6.66633326665333 1.6184224111517893 0.6690246934452164 2.0 0.37982597302724336 0.8176561899201071 5.335267053410682 28.095419083816765 2.4030806161232245 11.485297059411883 3.3968694604350933 2.4306745650378585 2.309745129893087 0.38461100272006155 0.8216899407132292 5.40248049609922 32.44748949789958 2.419883976795359 11.779355871174236 3.436634993710292 2.4910153991506285
2.1 9.0 3.42199639311501 20.177205480298312 71.137224969432 2814.0658512706423 25.077815563112622 17.896779355871175 13.152830566113224 9.952990598119625 2.006680550890363 0.7325741008074402 2.0 0.3987348840177403 0.8405204045818576 9.999399879975995 50.15623124624925 4.239047809561912 21.078415683136626 3.4828482508103313 2.333464515096269 2.664178744194403 0.40900896589132446 0.8624427278807542 10.257051410282056 66.81156231246248 4.312662532506501 22.10902180436087 3.549120261162529 2.448740256568633
2.1 8.5 3.2318854823863985 19.05624962028173 67.18515691557447 2510.077256225974 24.103820764152832 17.17723544708942 12.652330466093218 9.641528305661133 1.989700043360188 0.7356631036541532 2.0 0.39692103406780366 0.8387152993900161 9.567313462692539 48.20624124824965 4.079415883176635 20.21624324864973 3.4755123601865296 2.3405567893378922 2.4763133078840722 0.40477198223992694 0.8536195719470673 9.756551310262052 59.68093618723745 4.131026205241048 21.042008401680334 3.5351461986522508 2.436995096744404
2.1 8.0 3.0417745716577866 17.93529376026518 63.233088861717704 2223.4594380410012 23.07861572314463 16.437287457491497 12.170234046809362 9.331066213242648 1.9663924234251697 0.736898028282726 2.0 0.39444396290196754 0.8351131143278148 9.103220644128825 46.15823164632926 3.9033806761352268 19.273254650930184 3.467570759143526 2.3435605056072855 2.450137657251834 0.40226228655629714 0.8475861085234975 9.28365673134627 56.54150830166033 3.9525905181036203 19.994998999799957 3.520197811339296 2.4300051803461336
2.1 7.5 2.851663660929175 16.814337900248585 59.281020807859996 1954.212396715724 21.980196039207843 15.680336067213442 11.66013202640528 9.010802160432087 1.9363405351623328 0.7333809755695352 2.0 0.3920221334376905 0.8291575278260631 8.616723344668934 43.963792758551705 3.7213442688537706 18.2250450090018 3.449843801106142 2.3384162194585185 2.6301844551330604 0.40032217257164693 0.844662920017861 8.799159831966392 57.81376275255051 3.7669533906781356 18.98519703940788 3.5121243112097056 2.4343875418566387
2.1 7.0 2.6615527502005634 15.693382040232013 55.328952754002664 1702.3361322501412 20.920784156831367 14.941388277655532 11.177635527105421 8.692138427685537 1.907256623485349 0.730935035124553 2.0 0.3904936748802386 0.8275627970128987 8.169433886777355 41.846169233846766 3.534506901380276 17.313262652530504 3.4502504179767257 2.3457540761834026 2.498052306060935 0.3971869233049348 0.8384581785915844 8.309461892378476 52.26425285057011 3.576515303060612 17.929385877175434 3.5005266330081857 2.4292845583398077
2.1 6.5 2.4714418394719515 14.572426180215441 51.376884700145325 1467.8306446442546 19.82256451290258 14.18003600720144 10.681936387277455 8.363272654530906 1.8739179215723425 0.7274125314886273 2.0 0.38879638319558396 0.8243871918298972 7.706941388277656 39.64412882576516 3.363272654530906 16.341468293658732 3.432644997121428 2.3512555655563694 2.4695572583572876 0.39479075212174425 0.8335968241683572 7.8257651530306065 48.951990398079616 3.3896779355871174 16.88277655531106 3.4864271808512326 2.4285479971554502
2.1 6.0 2.28133092874334 13.451470320198883 47.42481664628814 1250.6959338980632 18.742948589717944 13.422684536907381 10.20124024804961 8.04140828165633 1.8375290055074167 0.7249926526863409 2.0 0.38762593920765026 0.8262786031420764 7.265253050610122 37.4872974594919 3.1844368873774753 15.486897379475893 3.4346588730784964 2.371650644557974 2.2282694801707827 0.3921085211748634 0.825476697473262 7.349269853970794 41.760152030406076 3.2084416883376674 15.810962192438486 3.46332074770059 2.4153872464970223
2.1 5.5 2.0912200180147282 12.330514460182311 43.4727485924308 1050.932000011567 17.582316463292656 12.656531306261252 9.714742948589718 7.707941588317663 1.7906883888665113 0.7138069746414033 2.0 0.38627210048467475 0.8246182902132114 6.791558311662333 35.16683336667334 3.005201040208042 14.49869973994799 3.417277627302515 2.3813808704421846 2.1998832062652904 0.39009488702300504 0.8224126175433449 6.858771754350871 38.684336867373474 3.016403280656131 14.76755351070214 3.449095743775976 2.4201625790736725
2.1 5.0 1.9011091072861166 11.209558600165723 39.52068053857333 868.5388429847661 16.4252850570114 11.885377075415082 9.22264452890578 7.38627725545109 1.7354365491735135 0.7024997533490596 2.0 0.3848374132261601 0.8238825965168678 6.321064212842569 32.846369273854776 2.820364072814563 13.532506501300261 3.405365353119596 2.395935429484632 2.1363808297929907 0.3872731701376203 0.8169546558321531 6.361072214442888 35.0868173634727 2.830366073214643 13.70254050810162 3.4247924239726175 2.4262416707127508
2.1 4.5 1.710998196557505 10.088602740149156 35.568612484716 703.5164628176606 15.202840568113624 11.10362072414483 8.70614122824565 7.060812162432487 1.6653504145111637 0.6823006114644314 2.0 0.3829392492006473 0.8181291859103408 5.821764352870574 30.409081816363273 2.619523904780956 12.437887577515502 3.3826213051190566 2.3988964393348007 2.227921019630597 0.386570875932578 0.817125839829011 5.876975395079016 33.86897379475895 2.6379275855171036 12.667933586717343 3.407214542126237 2.4433697517095525
2.1 4.0 1.5208872858288933 8.96764688013259 31.616544430858852 555.8648595102503 13.98379675935187 10.358671734346869 8.185237047409482 6.741748349669933 1.5842628289423308 0.6516051638659288 2.0 0.38164652027751944 0.8125169873399615 5.3368673734746945 27.965393078615723 2.4242848569713944 11.362072414482897 3.3543695207010664 2.404031129507527 2.26096372304818 0.3856519562263071 0.8128627121153351 5.392878575715143 31.614122824564912 2.4402880576115225 11.61012202440488 3.3869784485921093 2.454367296329531
2.0 9.0 3.490813153566531 19.78939700788301 67.34926155853353 3358.974476873704 25.04360872174435 18.06481296259252 13.383276655331066 10.18103620724145 1.9545246392721236 0.7093172021208305 2.0 0.40057351449362183 0.8360930722963743 10.031806361272254 50.08141628325665 4.303060612122424 20.93878775755151 3.4358703562667534 2.3056334515461754 2.488105762491019 0.40812984751543613 0.848059178185672 10.221044208841768 62.3130626125225 4.354670934186837 21.73014602920584 3.490536511148358 2.3950205537605997
2.0 8.5 3.2968790894795017 18.68998606300062 63.60763591639277 2996.1222957299397 24.041608321664334 17.317263452690536 12.86757351470294 9.862372474494899 1.9349105843996728 0.7124212671729867 2.0 0.39843073953271646 0.8323653730945881 9.578915783156631 48.077415483096615 4.133026605321064 20.01140228045609 3.425046607665976 2.306173014301419 2.4507234387524632 0.4052536111296012 0.8425279974491527 9.742948589717942 58.91998399679935 4.165833166633327 20.68393678735747 3.4796566425936555 2.388131241800852
2.0 8.0 3.102945025392473 17.590575118118238 59.86601027425235 2654.004524937248 22.996799359871975 16.558311662332468 12.353270654130826 9.519103820764153 1.915356663181048 0.7132567173670064 2.0 0.39650838110315667 0.8295247953653848 9.118423684736946 46.001000200040004 3.949389877975595 19.076415283056612 3.4198337972470263 2.3087728794977442 2.4077918035817123 0.4024582249632484 0.8360869914540404 9.255251050210042 55.366073214642924 3.99499899979996 19.669333866773353 3.461364885886737 2.383759437313925
2.0 7.5 2.9090109613054427 16.49116417323584 56.12438463211158 2332.621164495628 21.933586717343466 15.800360072014403 11.842968593718743 9.199839967993599 1.8866469160728387 0.7122133594879945 2.0 0.39427794903598856 0.8257027160133522 8.647929585917183 43.8629725945189 3.7653530706141227 18.110622124424886 3.4106383184480786 2.3122168765105684 2.408357248415753 0.400187877350747 0.8324035117991782 8.777555511102221 52.82156431286257 3.7941588317663535 18.643528705741147 3.457063041583281 2.38101556077619
2.0 7.0 2.715076897218413 15.391753228353451 52.38275898997052 2031.9722144050802 20.855971194238847 15.045009001800361 11.332066413282657 8.861372274454892 1.8586471813508605 0.7091898319920086 2.0 0.39232104662427225 0.822787481176685 8.182236447289458 41.7129425885177 3.584516903380676 17.16003200640128 3.400437304164769 2.318356739531104 2.3583986133772856 0.3975388215885439 0.8260927884965942 8.291058211642328 49.180836167233444 3.6117223444688937 17.62252450490098 3.441768835678965 2.3784342646948553
2.0 6.5 2.5211428331313837 14.292342283471063 48.641133347829765 1752.0576746656047 19.748149629925987 14.266053210642129 10.825565113022606 8.519303860772155 1.8256115026347715 0.7061128480816876 2.0 0.3910312902016794 0.8206055449195206 7.722144428885777 39.49729945989198 3.3936787357471494 16.205441088217643 3.394950645780767 2.321595459827884 2.3422960861589615 0.3954275179546398 0.8233660868023852 7.808961792358471 46.25665133026605 3.4184836967393477 16.58991798359672 3.430053629804216 2.3795531520066797
2.0 6.0 2.327208769044355 13.192931338588679 44.89950770568927 1492.8775452772018 18.647729545909183 13.501900380076014 10.327065413082616 8.179035807161432 1.7896192617130797 0.7011553124870863 2.0 0.389605234928127 0.8201566187513409 7.265253050610122 37.29205841168234 3.2160432086417283 15.294058811762353 3.3860044044055746 2.3372405132890304 2.2106172135009965 0.3927161553314739 0.8158131530840811 7.323264652930586 41.22524504900981 3.239247849569914 15.549309861972395 3.4063346950491353 2.377127431014985
