docs/data/no_psf_corr.ecsv
# %ECSV 1.0
# ---
# datatype:
# - {name: n, datatype: float64}
# - {name: r_eff, datatype: int64}
# - {name: sersic_r_20, datatype: float64}
# - {name: sersic_r_80, datatype: float64}
# - {name: sersic_r_99, datatype: float64}
# - {name: sersic_L_inf, datatype: float64}
# - {name: p02, datatype: float64}
# - {name: p03, datatype: float64}
# - {name: p04, datatype: float64}
# - {name: p05, datatype: float64}
# - {name: p0502, datatype: float64}
# - {name: p0302, datatype: float64}
# - {name: u_epsilon, datatype: float64}
# - {name: u_epsilon_50, datatype: float64}
# - {name: u_epsilon_80, datatype: float64}
# - {name: u_r_50, datatype: float64}
# - {name: u_r_99, datatype: float64}
# - {name: u_r_20, datatype: float64}
# - {name: u_r_80, datatype: float64}
# - {name: u_c2080, datatype: float64}
# - {name: u_c5090, datatype: float64}
# - {name: c_epsilon, datatype: float64}
# - {name: c_epsilon_50, datatype: float64}
# - {name: c_epsilon_80, datatype: float64}
# - {name: c_r_50, datatype: float64}
# - {name: c_r_99, datatype: float64}
# - {name: c_r_20, datatype: float64}
# - {name: c_r_80, datatype: float64}
# - {name: c_c2080, datatype: float64}
# - {name: c_c5090, datatype: float64}
# schema: astropy-2.0
n r_eff sersic_r_20 sersic_r_80 sersic_r_99 sersic_L_inf p02 p03 p04 p05 p0502 p0302 u_epsilon u_epsilon_50 u_epsilon_80 u_r_50 u_r_99 u_r_20 u_r_80 u_c2080 u_c5090 c_epsilon c_epsilon_50 c_epsilon_80 c_r_50 c_r_99 c_r_20 c_r_80 c_c2080 c_c5090
[from data line 63]
2.5 16 5.63987317123848 38.61085620331363 155.6662006203581 4340.743333628106 37.02740548109622 23.404680936187237 15.483096619323865 10.502100420084016 2.736235576734736 0.9961027850337123 2.0 0.39853592652620207 0.9202917341977311 14.756751350270054 74.03040608121624 5.426085217043409 34.07601520304061 3.989810966145759 2.5645078080036443 3.1786017748541173 0.4324581307401405 1.0383123827976117 16.012802560512103 117.69313862772555 5.725145029005802 39.518903780756155 4.195091982344137 2.8761449770483494
2.5 18 6.344857317643292 43.43721322872785 175.12447569790405 5493.7532816230705 41.16823364672935 25.925185037007402 17.04340868173635 11.402280456091217 2.787852573769614 1.004201844459198 2.0 0.40058309037900874 0.9192565597667638 16.49129825965193 82.34426885377076 6.084016803360672 37.84416883376675 3.96904283237025 2.548806282442195 3.711902297728548 0.4369047619047619 1.0539505605783326 17.986597319463893 152.8027605521104 6.442888577715543 44.662732546509304 4.20432334837889 2.9064803608592813
2.5 20 7.0498414640481 48.26357025414204 194.5827507754476 6782.411458793915 45.36907381476295 28.445689137827564 18.54370874174835 12.302460492098419 2.833839672227261 1.0137172691356071 2.0 0.40304232804232815 0.9224691358024691 18.285657131426287 90.71794358871774 6.741948389677936 41.85157031406281 3.964631670918993 2.5399491252624045 3.9218670246051364 0.44127425044091717 1.0633652599346557 20.020204040808164 177.9237847569514 7.160632126425285 49.62712542508502 4.203838787144122 2.907074476796841
2.7 10 3.400952495794265 24.984278031884713 107.31537814809977 1179.121436560738 23.829365873174638 15.209641928385677 10.315863172634527 7.368473694738948 2.5486747399319523 0.9749674779488372 2.0 0.3825541667016445 0.903864073268806 9.116023204640928 47.65333066613323 3.2636527305461094 21.538507701540308 4.0975583424013875 2.633006942258533 3.6276144977031652 0.420783559849903 1.0462722262054036 10.027005401080217 86.43908781756352 3.484496899379876 25.679335867173435 4.33721852588754 3.007796718204964
2.7 12 4.0811429949531215 29.98113363826168 128.77845377771973 1697.9348686474625 28.16183236647329 17.672134426885375 11.759151830366072 8.184636927385476 2.683307451301049 1.011859512947783 2.0 0.3892499698112672 0.91750307214752 10.961992398479696 56.32226445289058 3.9221844368873775 25.83856771354271 4.093702120216744 2.6237135769137963 3.2479335718129256 0.4258031978747132 1.0591488908409206 11.99139827965593 91.45489097819564 4.154630926185237 30.686737347469492 4.3420913328599635 2.9855906967968364
2.7 14 4.761333494111975 34.97798924463863 150.24152940733967 2311.078015659046 32.3374674934987 20.08901780356071 13.184636927385476 9.010802160432087 2.774712753290646 1.0337365075454128 2.0 0.3933500355695772 0.9225882280164549 12.71994398879776 64.68353670734147 4.531506301260253 29.834166833366677 4.092356628745747 2.606843793574983 3.492356730502058 0.43295289350777894 1.0773599863858994 14.000600120024005 112.92158431686337 4.841968393678735 35.88817763552711 4.349647278225219 2.9977681798349476
2.7 16 5.441523993270824 39.97484485101554 171.70460503695895 3018.550877595489 36.60732146429286 22.564512902580518 14.582916583316663 9.781956391278255 2.865711153034046 1.0507099504155297 2.0 0.3965737704918033 0.9308524590163936 14.51750350070014 73.19303860772155 5.186837367473495 34.07601520304061 4.087730861829999 2.6027020094633646 3.369020160267443 0.4374207650273224 1.08629373715959 16.012802560512103 123.31546309261853 5.485897179435887 40.95439087817564 4.365264037441564 2.9855071797199972
2.7 18 6.121714492429682 44.97170045739252 193.1676806665796 3820.3534544567915 40.86817363472694 24.96499299859972 16.023204640928185 10.622124424884976 2.9258692277548928 1.0702689064302122 2.0 0.3976700930004895 0.9333235438081253 16.252050410082017 81.74614922984597 5.78495699139828 38.143228645729145 4.095586583742752 2.602346227173925 3.4164893759269455 0.44011257953989236 1.094565503510288 17.986597319463893 139.64412882576516 6.203640728145629 46.038407681536306 4.35236827921022 2.9900646318846817
2.7 20 6.80190499158853 49.96855606376943 214.63075629619954 4716.485746242952 45.129025805161035 27.425485097019404 17.463492698539707 11.402280456091217 2.9873211981940666 1.0815082026089602 2.0 0.39988475177304966 0.9379787234042553 18.046409281856373 90.23944788957792 6.442888577715543 42.33006601320264 4.087841624796509 2.597027596524253 3.387548857189466 0.44362145390070923 1.1008580518327213 20.020204040808164 152.86257251450292 6.861572314462893 51.12242448489698 4.360938986677541 2.982293530944543
2.9 10 3.28526246080767 25.835872300654582 117.97791415478648 817.9040467517357 23.597319463892777 14.690938187637528 9.824564912982597 6.94758951790358 2.6551426042891713 1.0290657033768487 2.0 0.37997507693090204 0.9147190220662411 8.96639327865573 47.186837367473494 3.128425685137027 21.584916983396678 4.194122698922279 2.6773759043789136 3.683311154764234 0.42378542424319493 1.0917679962529299 10.000200040008002 86.92758551710341 3.3716743348669733 26.54110822164433 4.480367163652959 3.112404027387647
2.9 12 3.9423149529692045 31.0030467607855 141.57349698574376 1177.7818273224993 27.866573314662936 17.060412082416484 11.17623524704941 7.734546909381877 2.783243450448233 1.0654702540552623 2.0 0.38590861778112767 0.927454147374466 10.753950790158031 55.732546509301855 3.7237447489497897 25.84496899379876 4.206980558396235 2.6700268295267175 3.395266843717255 0.4308172714547216 1.1046641797241383 12.005401080216043 94.6011202240448 4.018203640728146 31.734146829365873 4.487474420047789 3.0831209921467195
2.9 14 4.5993674451307385 36.17022122091642 165.16907981670107 1603.0919316334023 32.04640928185637 19.38387677535507 12.48249649929986 8.461692338467694 2.891610721865882 1.0916936734872675 2.0 0.3895568039950063 0.934550561797753 12.483896779355872 64.10162032406481 4.349469893978796 29.948989797959594 4.189729243936192 2.6606792353877173 3.4428860924867495 0.4362172284644195 1.1208816121557332 13.979195839167835 110.3362672534507 4.648529705941188 37.00680136027206 4.504829691814823 3.0875185441328945
2.9 16 5.256419937292272 41.33739568104733 188.76466264765835 2093.8343596844434 36.06721344268854 21.664332866573314 13.802760552110422 9.181836367273455 2.970915205925704 1.1068363504854082 2.0 0.39256239600665555 0.9381586245146978 14.15863172634527 72.11642328465693 4.94758951790358 33.8367673534707 4.1749760231471935 2.64352107334596 3.8097384809549983 0.44397115917914587 1.1410944973405974 16.012802560512103 137.43108621724346 5.306461292258452 42.4496899379876 4.515347608859284 3.107148875237024
2.9 18 5.913472429453806 46.50457014117823 212.36024547861564 2650.009111475624 40.50810162032406 24.00480096019204 15.123024604920984 9.901980396079216 3.059099143085593 1.1362189075153124 2.0 0.3967753086419753 0.9490024691358026 16.07261452290458 81.02840568113623 5.5457091418283655 38.44228845769154 4.204260724863208 2.6432648952317574 3.275438619442648 0.44402469135802475 1.1359922306165966 17.986597319463893 132.70594118823766 5.964392878575715 47.414082816563315 4.501705554706156 3.059989837376887
2.9 20 6.57052492161534 51.671744601309165 235.95582830957295 3271.6161870069427 44.728945789157834 26.325265053010604 16.403280656131226 10.562112422484498 3.134189383402867 1.1510795496822448 2.0 0.39887298747763866 0.9520483005366727 17.84116823364673 89.4360872174435 6.188037607521505 42.584116823364674 4.188473500749016 2.6359480434338978 3.2951426333760487 0.4470527728085868 1.142715960095139 19.99619923984797 147.38247649529907 6.666933386677336 52.64092818563713 4.486987112370835 3.058332420285914
3.1 10 3.176948044166559 26.687561668397855 129.30932487736848 566.1024823369293 23.326665333066614 14.19883976795359 9.398279655931185 6.558511702340468 2.7552368040351465 1.0779990016967744 2.0 0.3771117399879942 0.9231369522339422 8.796759351870374 46.637927585517104 2.982796559311862 21.533706741348272 4.2924758041229865 2.7170433887438405 3.810694452067765 0.42897693165251694 1.1388627834635625 10.006601320264053 88.88157631526306 3.2516503300660133 27.41488297659532 4.629412796553748 3.208344173369708
3.1 12 3.8123376529998714 32.025074002077446 155.1711898528432 815.1875745651782 27.665533106621325 16.443288657731546 10.622124424884976 7.321464292858572 2.8867054735744997 1.129751812846301 2.0 0.38422270426608823 0.9420101229211858 10.629725945189039 55.309261852370476 3.5719143828765754 26.06121224244849 4.315467863176754 2.7123041989873578 3.2442296092514207 0.4339479392624729 1.142519252157123 12.005401080216043 89.76095219043809 3.870974194838968 32.58071614322864 4.62570174971438 3.1410867507468576
3.1 14 4.447727261833183 37.362586335757015 181.0330548283171 1109.5608653803818 31.38627725545109 18.60372074414883 11.822364472894579 7.981596319263852 2.9732502395009424 1.1356999751650076 2.0 0.38631612492033146 0.9389611217335883 12.125025005001001 62.78575715143029 4.110222044408882 29.470494098819763 4.277610665319659 2.6870400059168444 4.303291264360919 0.4453919694072658 1.1867836516577188 13.979195839167835 135.0386077215443 4.528905781156231 38.44228845769154 4.644079737101455 3.2327391622800548
3.1 16 5.083116870666495 42.70009866943657 206.89491980378958 1449.222354782539 35.407081416283255 20.764152830566115 13.022604520904181 8.641728345669133 3.0624475977344727 1.1588795642468377 2.0 0.38974576271186445 0.9438248587570621 13.7997599519904 70.80056011202241 4.7083416683336665 33.418083616723344 4.255567853821228 2.67469364539303 4.698560603002927 0.45224858757062153 1.203995468055122 16.012802560512103 166.38007601520306 5.186837367473495 44.00480096019204 4.642987149956088 3.2406500478536304
3.1 18 5.718506479499807 48.03761100311614 232.75678477926328 1834.1720427716511 39.927985597119424 23.04460892178436 14.242848569713944 9.281856371274255 3.1682127819823576 1.193540289320795 2.0 0.3928607214428858 0.9545791583166333 15.68613722744549 79.85817163432687 5.310062012402481 38.11442288457692 4.279948776471251 2.6843002620180236 3.5067576635296165 0.4508316633266533 1.1896963142096653 18.000800160032007 140.03940788157632 5.788957791558312 48.96939387877576 4.636621727489671 3.160063788576819
3.1 20 6.353896088333118 53.37512333679571 258.61864975473696 2264.409929347717 43.60872174434887 25.20504100820164 15.443088617723545 9.841968393678735 3.2324569541862225 1.1904297424352097 2.0 0.3944770642201835 0.952711009174312 17.202640528105622 87.20124024804961 5.868773754750951 41.546509301860375 4.249935865788773 2.6654717004704445 4.340029148684925 0.45853669724770646 1.2193620991536063 19.99619923984797 189.2858571714343 6.42748549709942 54.87577515503101 4.656697812992771 3.22552517083834
3.3 10 3.0752449760907403 27.540190072700984 141.3408082152228 391.0668215892633 23.13582716543309 13.764352870574115 9.005401080216043 6.223244648929786 2.8513407845205556 1.12764616677362 2.0 0.37525938991492014 0.9354724354983744 8.681936387277457 46.25425085017004 2.8567713542708546 21.642928585717144 4.397202720109782 2.7585909038295915 3.576695047955075 0.43191014733347166 1.1776911539456036 9.992598519703941 82.73434686937388 3.1480296059211845 28.12342468493699 4.755146985076105 3.266704868459769
3.3 12 3.690293971308888 33.04822808724118 169.60896985826736 563.1362230885393 27.485497099419884 15.903180636127225 10.142028405681137 6.901380276055211 3.0008381882512873 1.1880980203353066 2.0 0.38238719068413396 0.9525327510917031 10.510102020404082 54.9503900780156 3.4522904580916185 26.180836167233448 4.399380925470118 2.754329393438014 3.1593587950885342 0.4367903930131004 1.1782934741217876 12.005401080216043 86.83016603320664 3.7513502700540107 33.418083616723344 4.748969622410332 3.1889396076295506
3.3 14 4.305342966527037 38.556266101781375 197.87713150131194 766.4909703149561 31.32626525305061 17.94358871774355 11.222244448889779 7.561512302460492 3.0864997894234962 1.2099965733891629 2.0 0.38514687100894 0.9560344827586208 12.065213042608523 62.66613322664533 3.990598119623925 29.948989797959594 4.376720921569863 2.7347551064998137 3.4841309337794457 0.44624521072796935 1.2130933131505572 13.979195839167835 109.14002800560112 4.409281856371274 39.21984396879376 4.7456900012378425 3.239019823713092
3.3 16 4.920391961745184 44.06430411632157 226.1452931443565 1001.1310632685144 35.767153430686136 20.104020804160832 12.362472494498899 8.161632326465293 3.208536756850094 1.2510072635169558 2.0 0.39083892617449667 0.971112975391499 13.979195839167835 71.51830366073214 4.58871774354871 34.73394678935787 4.395313949949143 2.7354248978000624 3.081296057708795 0.44602348993288593 1.2006212898312725 15.952990598119625 110.21664332866574 5.00740148029606 44.30386077215443 4.734145801093208 3.1632242885899036
3.3 18 5.535440956963332 49.57234213086177 254.41345478740104 1267.0565019492133 38.72774554910983 22.004400880176036 13.442688537707543 8.721744348869775 3.2370943185189445 1.2275633390707494 2.0 0.3906095041322314 0.955309917355372 15.127425485097021 77.46369273854772 4.990798159631927 36.99699939987998 4.349982481315744 2.6912675598175784 6.254075315897928 0.46686466942148763 1.2797803174812374 18.080616123224647 242.20384076815364 5.629325865173035 51.60332066413283 4.811106299367894 3.3784512108814835
3.3 20 6.150489952181481 55.08038014540197 282.6816164304456 1564.2672863570533 42.96859371874375 24.16483296659332 14.562912582516503 9.281856371274255 3.3275814823631853 1.2498367137120248 2.0 0.39292364990689016 0.9631890130353817 16.883376675335068 85.9241848369674 5.549509901980397 41.386877375475095 4.363040148184004 2.697275830799672 4.2266016904690575 0.4653677839851025 1.2729216187246606 19.99619923984797 181.623524704941 6.267853570714143 56.47209441888378 4.7735752653044825 3.3007416214596557
3.5 10 2.979500411321588 28.39448219849605 154.10448732087065 269.69009164600016 23.685737147429485 13.41528305661132 8.678135627125425 5.93138627725545 3.006653486581378 1.2344353242860548 2.0 0.37666483678898693 0.9719775347324859 8.921584316863372 47.380876175235045 2.861572314462893 23.022004400880174 4.527692036064465 2.8379627763636535 2.6748137449147023 0.4201427304590178 1.1478647335271457 9.95139027805561 63.34286857371474 3.0596119223844767 28.0126025205041 4.808435572042876 3.1469125318483027
3.5 12 3.5754004935859003 34.073378638195265 184.92538478504414 388.3537319702403 26.5253050610122 15.243048609721944 9.601920384076815 6.541308261652331 3.0399788570423407 1.2029427636457692 2.0 0.3781900452488688 0.946425339366516 10.031606321264253 53.03640728145629 3.2728545709141827 25.104220844168836 4.424100194498802 2.759573392492287 4.735933082028598 0.45260180995475113 1.2797393387047424 12.005401080216043 125.6481296259252 3.631726345269054 35.09281856371275 4.925525672603448 3.4247605042673044
3.5 14 4.171300575850217 39.752275077894474 215.74628224921892 528.5925796261604 30.486097219443888 17.223444688937786 10.682136427285457 7.141428285657131 3.1515837544569427 1.2399090777496349 2.0 0.3820275590551181 0.9549146981627297 11.646529305861172 60.99139827965593 3.7513502700540107 29.111622324464893 4.449393957432559 2.749464851273089 4.556420528759003 0.4585433070866142 1.2965292439073088 13.979195839167835 138.9263852770554 4.229845969193839 40.89457891578316 4.926705939832084 3.4156075245137307
