docs/data/no_psf_corr.ecsv
# %ECSV 1.0
# ---
# datatype:
# - {name: n, datatype: float64}
# - {name: r_eff, datatype: int64}
# - {name: sersic_r_20, datatype: float64}
# - {name: sersic_r_80, datatype: float64}
# - {name: sersic_r_99, datatype: float64}
# - {name: sersic_L_inf, datatype: float64}
# - {name: p02, datatype: float64}
# - {name: p03, datatype: float64}
# - {name: p04, datatype: float64}
# - {name: p05, datatype: float64}
# - {name: p0502, datatype: float64}
# - {name: p0302, datatype: float64}
# - {name: u_epsilon, datatype: float64}
# - {name: u_epsilon_50, datatype: float64}
# - {name: u_epsilon_80, datatype: float64}
# - {name: u_r_50, datatype: float64}
# - {name: u_r_99, datatype: float64}
# - {name: u_r_20, datatype: float64}
# - {name: u_r_80, datatype: float64}
# - {name: u_c2080, datatype: float64}
# - {name: u_c5090, datatype: float64}
# - {name: c_epsilon, datatype: float64}
# - {name: c_epsilon_50, datatype: float64}
# - {name: c_epsilon_80, datatype: float64}
# - {name: c_r_50, datatype: float64}
# - {name: c_r_99, datatype: float64}
# - {name: c_r_20, datatype: float64}
# - {name: c_r_80, datatype: float64}
# - {name: c_c2080, datatype: float64}
# - {name: c_c5090, datatype: float64}
# schema: astropy-2.0
n r_eff sersic_r_20 sersic_r_80 sersic_r_99 sersic_L_inf p02 p03 p04 p05 p0502 p0302 u_epsilon u_epsilon_50 u_epsilon_80 u_r_50 u_r_99 u_r_20 u_r_80 u_c2080 u_c5090 c_epsilon c_epsilon_50 c_epsilon_80 c_r_50 c_r_99 c_r_20 c_r_80 c_c2080 c_c5090
[from data line 32]
1.5 14 6.042214743126127 27.725290259204368 78.0281306223282 19321.622762641877 33.126625325065014 24.544908981796357 18.54370874174835 14.042808561712341 1.8636161015952803 0.6510788486092858 2.0 0.4183816425120773 0.8372705314009662 13.859571914382878 66.25485097019404 6.084016803360672 27.735947189437887 3.2942629843866547 2.1915173513825406 2.331547918301687 0.423798309178744 0.8379942069781441 14.039007801560313 77.26025205041009 6.084016803360672 28.334066813362675 3.3405925440313835 2.234156297834767
1.5 16 6.905388277858433 31.6860460105193 89.17500642551818 25236.405241001634 37.56751350270054 27.725545109021805 20.82416483296659 15.663132626525305 1.8996691293607437 0.6596617882715208 2.0 0.42146432374866877 0.8433759318423856 15.833366673334668 75.10702140428086 6.921384276855371 31.68353670734147 3.3032034607550447 2.1869223382582965 2.342688002652819 0.4262406815761448 0.8441530576892768 16.012802560512103 88.02640528105621 6.98119623924785 32.40128025605121 3.3331616227612337 2.2389907357067456
1.5 18 7.768561812590737 35.64680176183421 100.32188222870795 31939.825383142692 42.008401680336064 30.90618123624725 23.164632926585316 17.283456691338266 1.92852776127513 0.6664540548653288 2.0 0.4238952380952381 0.8467666666666668 17.807161432286456 84.01900380076016 7.75875175035007 35.571314262852574 3.30654027553771 2.183339231729528 2.3764120535564905 0.4281666666666667 0.8491890836007252 17.986597319463893 99.80936187237448 7.818563712742549 36.46849369873975 3.343954229829243 2.2427566756026227
1.5 20 8.63173534732304 39.607557513149125 111.46875803189744 39431.88318906505 46.40928185637128 34.0868173634727 25.44508901780356 18.88377675535107 1.9525799529641534 0.6700919723010921 2.0 0.4257068965517241 0.8522241379310345 19.756751350270054 92.78835767153431 8.6623324664933 39.551110222044414 3.2976191532561785 2.1865099985117107 2.346931393456837 0.4308663793103448 0.8536567196089344 19.99619923984797 108.9111822364473 8.742148429685937 40.50890178035608 3.3296614671456446 2.2390322497298856
1.7 10 4.128827179721611 20.684909033262407 62.99841366077115 7002.557802578271 24.385877175435088 17.731746349269855 13.270454090818165 10.019003800760153 1.9315692034922993 0.6919343596009224 2.0 0.4034206964439523 0.8367745375497313 9.837767553510703 48.76155231046209 4.121424284856971 20.405481096219244 3.473497563645328 2.297567638569764 2.548200922088148 0.41113161888355687 0.8494464486699796 10.025805161032206 62.149829965993206 4.196639327865573 21.195239047809565 3.5166833642983155 2.385115186314567
1.7 12 4.954592615665935 24.821890839914893 75.59809639292538 10083.683235712711 28.805761152230446 20.82416483296659 15.423084616923385 11.522304460892178 1.989700043360188 0.7045588129235676 2.0 0.4084652777777778 0.8486597222222223 11.766153230646129 57.58211642328466 4.94758951790358 24.44628925785157 3.469096427260549 2.297606867706886 2.504744492730467 0.4167708333333333 0.8618309882918315 12.005401080216043 72.1762352470494 5.00740148029606 25.403280656131226 3.5263869647647232 2.3840257441590973
1.7 14 5.780358051610257 28.958872646567375 88.1977791250796 13725.013293053413 33.246649329865974 23.88477695539108 17.523504700940187 12.962592518503701 2.0452800678874943 0.7181334632737093 2.0 0.4132731648616125 0.8558363417569195 13.739947989597919 66.49409881976395 5.78495699139828 28.453690738147632 3.4591923618077534 2.2875159752303813 2.5415988971156573 0.42226835138387486 0.8708096447826579 14.039007801560313 84.49749949989999 5.844768953790759 29.6499299859972 3.5262816209352787 2.3811668577273037
1.7 16 6.606123487554578 33.09585445321985 100.7974618572333 17926.547974600377 37.6875375075015 26.885377075415086 19.68393678735747 14.402880576115225 2.0887420101279504 0.7334081486952605 2.0 0.4162154989384289 0.8609607218683651 15.68613722744549 75.38847769553911 6.587117423484697 32.44748949789958 3.4624284759707953 2.2797290072799035 2.615710211025555 0.4246868365180468 0.878209130569949 16.005401080216046 98.61492298459693 6.666933386677336 33.88417683536708 3.530354118640143 2.38900511796525
1.7 18 7.431888923498903 37.23283625987234 113.39714458938808 22688.287280353605 42.16843368673735 30.00600120024005 21.764352870574115 15.843168633726746 2.1257271247550777 0.7388967374241389 2.0 0.4174146110056926 0.8660056925996205 17.601720344068816 84.32786557311464 7.385277055411082 36.51810362072415 3.470707121426977 2.2846390910003223 2.5682882967455134 0.4268785578747628 0.8827066256399145 18.000800160032007 108.2726545309062 7.54490898179636 38.11442288457692 3.5171767159914173 2.3854212596587017
1.7 20 8.257654359443222 41.369818066524815 125.9968273215423 28010.231210313083 46.56931386277255 33.04660932186437 23.9247849569914 17.28345669133827 2.152346167494788 0.7448646649674371 2.0 0.419102233676976 0.8681486254295533 19.51730346069214 93.10762152430488 8.183436687337469 40.42908581716343 3.4687909720476466 2.282377786312771 2.635614614168683 0.4293857388316152 0.8884158705289269 19.99619923984797 122.71934386877376 8.343068613722746 42.344668933786764 3.527364632441916 2.3883272087530156
1.9 10 3.958427511804987 21.55575085283499 70.7580699030571 4944.403971997202 24.36487297459492 17.223444688937786 12.60252050410082 9.361872374474896 2.077007176113663 0.7532206842160092 2.0 0.39944991789819373 0.8535960591133004 9.73254650930186 48.729945989197844 3.9307861572314464 20.79775955191038 3.6176856747672166 2.379199602905743 2.8484903711757306 0.41172413793103446 0.886308364297982 10.031606321264253 69.4248849769954 4.050410082016404 22.11362272454491 3.6858045026170534 2.5217733606789245
1.9 12 4.750113014165985 25.866901023402 84.90968388366854 7119.941719675971 28.805761152230446 20.164032806561313 14.582916583316663 10.682136427285457 2.154106175333466 0.7745097999287159 2.0 0.4022361111111111 0.8631944444444446 11.586717343468694 57.58211642328466 4.7083416683336665 24.864972994598922 3.6136001065067913 2.3802261051535423 2.918751901168524 0.4167708333333333 0.8993427731625444 12.005401080216043 84.07881576315263 4.827965593118623 26.53970794158832 3.700659864615186 2.530538743543737
1.9 14 5.541798516526982 30.178051193969 99.06129786427996 9691.031785114516 33.18663732746549 23.104620924184836 16.563312662532507 11.94238847769554 2.219360274474958 0.7863220089809877 2.0 0.40681133212778786 0.8700000000000001 13.500700140028005 66.374474894979 5.485897179435887 28.87237447489498 3.606174191999375 2.374552982500692 2.975179675923716 0.42303194695599766 0.9103806960409067 14.039007801560313 98.73274654930987 5.605521104220844 30.965793158631726 3.7113310826747874 2.52464540275628
1.9 16 6.3334840188879795 34.489201364536 113.21291184489138 12657.674168312835 37.60752150430086 26.085217043408683 18.56371274254851 13.282656531306262 2.2599488494783118 0.7944012893388924 2.0 0.4107340425531915 0.8776489361702128 15.446689337867575 75.22884576915384 6.267853570714143 33.00620124024805 3.607383506525329 2.3666071221880722 2.890164683271441 0.42559042553191495 0.9173057607667652 16.005401080216046 108.67173434686939 6.42748549709942 35.32086417283457 3.6999510762985284 2.528579054954671
1.9 18 7.125169521248977 38.80035153510298 127.3645258255028 16019.868869270933 42.08841768353671 28.965793158631726 20.484096819363874 14.562912582516503 2.3045717808433217 0.8113858681028672 2.0 0.4125190114068441 0.8809268060836503 17.3622724544909 84.16823364672935 7.066013202640528 37.07681536307262 3.5996398983768607 2.3653554113278203 2.8674856000316407 0.42769011406844104 0.9215734804064752 18.000800160032007 120.7239447889578 7.225645129025805 39.790558111622325 3.704517011626624 2.525258162219115
1.9 20 7.916855023609974 43.11150170566998 141.5161398061142 19777.615887988806 46.50930186037208 31.906381276255253 22.504500900180037 15.803160632126426 2.3439793296776563 0.8183113491638638 2.0 0.41426236559139784 0.8864344086021505 19.267053410682138 93.03400680136028 7.787757551510302 41.22744548909782 3.618870017662444 2.366638230180711 2.799648234001593 0.4292860215053763 0.925987577529657 19.965793158631726 130.16703340668133 7.9873974794958995 44.12222444488898 3.711260512962135 2.5256152704529162
2.1 10 3.802218214572233 22.419117200331446 79.04136107714666 3474.1553719390645 24.312862572514504 16.730546109221844 11.991598319663932 8.77735547109422 2.212362041017032 0.8116298903247505 2.0 0.39360704294882337 0.8677719269376336 9.569713942788557 48.62312462492498 3.7545509101820365 21.098019603920783 3.7484184698593803 2.45841999282957 3.152507315525335 0.41207010037847625 0.9235254693147295 10.01860372074415 76.6379275855171 3.8769753950790156 23.016003200640128 3.8676843223795543 2.6594441711495804
2.1 12 4.56266185748668 26.902940640397766 94.84963329257629 5002.783735592253 28.738547709541912 19.56091218243649 13.803360672134428 9.940388077615523 2.305307388328879 0.8353785705995521 2.0 0.3991048557745851 0.8789049448713664 11.469693938787758 57.472894578915785 4.489897979595919 25.258451690338067 3.7508512618656633 2.450915645429262 3.0169506846560976 0.41778733711994653 0.9356073726055698 12.006601320264053 86.70994198839769 4.63632726545309 27.601320264052813 3.873778861576099 2.6564324484414303
2.1 14 5.323105500401127 31.386764080464026 110.65790550800533 6809.344529000565 33.096819363872775 22.369673934786956 15.61872374474895 11.099019803960791 2.3725081667877115 0.8506330294595078 2.0 0.4026992886111296 0.8850414926473699 13.328065613122625 66.19103820764153 5.204040808161633 29.292058411682337 3.7520459900930025 2.4443385581629555 3.1687442684287905 0.4232975321998658 0.9484904643656347 14.009801960392078 104.87957591518304 5.374474894978996 32.21784356871375 3.888802149654956 2.6590901080593703
2.1 16 6.083549143315573 35.87058752053036 126.46617772343541 8893.837752164005 37.52850570114023 25.184036807361473 17.460492098419685 12.245449089817964 2.4319327753634448 0.866179633664272 2.0 0.4060392846672529 0.8929559446709842 15.238047609521903 75.04440888177635 5.95379075815163 33.51130226045209 3.7519886869603813 2.442568468341142 2.972150586298348 0.42614535859918434 0.9548837925818819 15.99259851970394 111.52530506101219 6.150630126025205 36.75915183036607 3.882229354753339 2.6535182313479098
2.1 18 6.84399278623002 40.354410960596624 142.274449938864 11256.263405082569 41.89237847569514 28.014602920584117 19.280856171234248 13.396679335867175 2.4756892815954346 0.8737527367608993 2.0 0.4087049947473975 0.8972161207143539 17.12162432486497 83.77975595119024 6.705141028205641 37.58651730346069 3.7431208496441752 2.435845829373196 3.010961103581617 0.4297918059402158 0.9622485554317532 18.00500100020004 126.14502900580115 6.925985197039408 41.340868173634725 3.879490168697093 2.6521601229833043
2.1 20 7.604436429144466 44.83823440066289 158.08272215429332 13896.621487756258 46.20924184836967 30.78615723144629 21.064212842568512 14.522904580916183 2.5133767959602524 0.8818668003033281 2.0 0.40995238095238096 0.897930735930736 18.94358871774355 92.39267853570715 7.3998799759952 41.492698539707945 3.7437350254342308 2.429858643825627 3.328109794300293 0.43325108225108233 0.970293095705873 20.020204040808164 153.75975195039007 7.698939787957592 46.038407681536306 3.8834468564240456 2.660586823811691
2.3 10 3.658243499022925 23.277208906727008 87.87633713411626 2431.2334999432974 24.22384476895379 16.218243648729747 11.387277455491098 8.258651730346068 2.336669613035837 0.8711962709704388 2.0 0.38960320409595767 0.8810190346422231 9.4376875375075 48.456291258251646 3.5769153830766154 21.341668333666732 3.87859849957471 2.524975937375741 3.263923670052741 0.413138445022503 0.9608532618664887 10.007801560312062 79.06001200240047 3.7365473094618924 23.895779155831164 4.02925355263215 2.7828696688633854
2.3 12 4.389892198827508 27.9326506880724 105.45160456093951 3500.976239918348 28.61132226445289 18.9371874374875 13.07241448289658 9.263052610522104 2.4489189919429433 0.8961122564602246 2.0 0.3953281874877646 0.8935802779875269 11.310862172434486 57.233646729345864 4.291858371674335 25.566513302660532 3.875130609749658 2.5197578222159214 3.028640311133772 0.42005061945912686 0.9746220910329125 12.018203640728146 86.64272854570913 4.455091018203641 28.613522704540905 4.038573736730539 2.76703299245525
2.3 14 5.121540898632093 32.58809246941781 123.02687198776326 4765.217659888863 32.983196639327865 21.62832566513303 14.758151630326067 10.305261052210444 2.526168730912144 0.9163492184140227 2.0 0.39924673859645926 0.9013724883705415 13.168433686737346 65.9509901980396 4.9823964792958595 29.73014602920584 3.878793791922297 2.5116872268350066 3.0489796767976145 0.4241613750356313 0.985678537307268 13.99019803960792 100.55991198239647 5.203640728145629 33.39647929585917 4.036966905474725 2.7707723645901456
2.3 16 5.85318959843668 37.24353425076321 140.60213941458562 6223.957759854841 37.19303860772155 24.270654130826166 16.436687337467493 11.311662332466494 2.5846761426153293 0.9269008977156368 2.0 0.40179531861795964 0.9029785723505874 14.943988797759554 74.39707941588318 5.6601320264052815 33.58451690338068 3.866562720250763 2.4974159787428345 3.583372010376344 0.43018265134890926 1.0012570449567324 15.999799959992 133.26765353070616 5.914982996599321 38.28105621124225 4.055152056723391 2.7902595214486743
2.3 18 6.584838298241265 41.898976032108614 158.17740684140927 7877.196539816284 41.52830566113223 26.945389077815562 18.12362472494499 12.362472494498899 2.631194370438022 0.9392987672671733 2.0 0.4043111753371868 0.9084055876685935 16.79035807161432 83.0620124024805 6.3830766153230645 37.7245449089818 3.8579697605477055 2.495120428814558 3.492184165228042 0.43311657032755296 1.0085870691336354 17.986597319463893 145.02720544108823 6.6821364272854575 43.04780956191238 4.045178597593139 2.787782515705331
2.3 20 7.31648699804585 46.554417813454016 175.7526742682325 9724.93399977319 45.84916983396679 29.64592918583717 19.74394878975795 13.382676535307061 2.673942477637646 0.9468320482602149 2.0 0.4066492146596859 0.9128097731239093 18.644528905781158 91.6749349869974 7.041008201640328 41.85157031406281 3.870384538050024 2.488906272328685 3.4618034919416125 0.43665357766143115 1.0146057091877463 20.020204040808164 158.7241448289658 7.3998799759952 47.77295459091818 4.049787130319212 2.7828283987754916
2.5 10 3.52492073202405 24.13178512707102 97.2913753877238 1695.6028646984787 24.00780156031206 15.700340068013602 10.82256451290258 7.799359871974395 2.441467165160382 0.9222166671022356 2.0 0.38601008207307425 0.8909969587134942 9.267253450690138 48.00740148029606 3.4196839367873575 21.390878175635127 3.9812132298597422 2.577030611608269 3.74035927381863 0.4175061450652003 1.0062438583233246 10.023404680936189 89.79735947189438 3.5961192238447692 24.818763752750552 4.1947303169587284 2.9053905860172917
2.5 12 4.22990487842886 28.958142152485223 116.74965046526857 2441.6681251658088 28.303060612122426 18.2746549309862 12.384476895379077 8.699339867973595 2.5617355156427375 0.9499210811765469 2.0 0.39154834013018863 0.9025493508237504 11.082016403280656 56.601120224044806 4.090618123624725 25.544908981796357 3.977577107117423 2.5684704932717524 3.5779260761657294 0.4244135503615173 1.02195786239395 12.012202440488098 101.28005601120223 4.300660132026405 29.745749149829965 4.199448941005813 2.9018926215260894
