docs/data/no_psf_corr.ecsv
# %ECSV 1.0
# ---
# datatype:
# - {name: n, datatype: float64}
# - {name: r_eff, datatype: int64}
# - {name: sersic_r_20, datatype: float64}
# - {name: sersic_r_80, datatype: float64}
# - {name: sersic_r_99, datatype: float64}
# - {name: sersic_L_inf, datatype: float64}
# - {name: p02, datatype: float64}
# - {name: p03, datatype: float64}
# - {name: p04, datatype: float64}
# - {name: p05, datatype: float64}
# - {name: p0502, datatype: float64}
# - {name: p0302, datatype: float64}
# - {name: u_epsilon, datatype: float64}
# - {name: u_epsilon_50, datatype: float64}
# - {name: u_epsilon_80, datatype: float64}
# - {name: u_r_50, datatype: float64}
# - {name: u_r_99, datatype: float64}
# - {name: u_r_20, datatype: float64}
# - {name: u_r_80, datatype: float64}
# - {name: u_c2080, datatype: float64}
# - {name: u_c5090, datatype: float64}
# - {name: c_epsilon, datatype: float64}
# - {name: c_epsilon_50, datatype: float64}
# - {name: c_epsilon_80, datatype: float64}
# - {name: c_r_50, datatype: float64}
# - {name: c_r_99, datatype: float64}
# - {name: c_r_20, datatype: float64}
# - {name: c_r_80, datatype: float64}
# - {name: c_c2080, datatype: float64}
# - {name: c_c5090, datatype: float64}
# schema: astropy-2.0
n r_eff sersic_r_20 sersic_r_80 sersic_r_99 sersic_L_inf p02 p03 p04 p05 p0502 p0302 u_epsilon u_epsilon_50 u_epsilon_80 u_r_50 u_r_99 u_r_20 u_r_80 u_c2080 u_c5090 c_epsilon c_epsilon_50 c_epsilon_80 c_r_50 c_r_99 c_r_20 c_r_80 c_c2080 c_c5090
[from data line 188]
2.5 24 8.45980975685772 57.916284304970446 233.49930093053715 9766.672500663235 53.85077015403081 33.526705341068215 21.604320864172834 14.082816563312663 2.912511982049135 1.0290052062884079 2.0 0.40541604754829125 0.9271396731054978 21.83196639327866 107.71394278855772 8.023804760952192 49.927185437087424 3.9697836571410465 2.533764594199805 4.679153458519154 0.4469167904903418 1.075925032096572 24.066813362672537 251.94138827765556 8.58251650330066 60.063812762552516 4.2249912495548205 2.937833212512812
2.6 8 2.769471301601807 19.646570322758908 81.78034012630354 905.2479042460674 19.627725545109023 12.928185637127427 9.054010802160432 6.6139227845569115 2.3620542812259324 0.9066619852444462 2.0 0.37612490954860933 0.8806347394490364 7.38247649529906 39.25245049009802 2.6963392678535705 17.28485697139428 4.034456268182263 2.6193012764127244 4.211893482965593 0.408534534595746 1.0046604646811148 8.01860372074415 82.67873574714943 2.844768953790758 20.2746549309862 4.264532358520566 2.976327247986856
2.6 10 3.46183912700226 24.558212903448634 102.2254251578801 1414.4498503844802 23.86497299459892 15.431086217243449 10.562312462492498 7.58251650330066 2.4897379151779093 0.9468222474057739 2.0 0.3849003780353895 0.8960779876111685 9.185637127425485 47.7373474694939 3.3236647329465896 21.38487697539508 4.042447736471843 2.596153553884781 4.312054161101411 0.4203066193912876 1.0311095908964476 10.030606121224245 102.89797959591918 3.5349069813962792 25.319263852770554 4.275365422333804 2.973383878273921
2.6 12 4.15420695240271 29.469855484138364 122.67051018945531 2036.8077845536513 28.116823364672936 17.938787757551513 12.054610922184438 8.42868573714743 2.616031955381326 0.975865805148654 2.0 0.3896596374398816 0.9056248043484446 10.955991198239648 56.24784956991398 3.970994198839768 25.463292658531703 4.03507654480184 2.5882558174257078 4.3826172458730825 0.42787927943310844 1.0496574666095193 12.030606121224244 123.22164432886576 4.223844768953791 30.362272454490896 4.283131620310085 2.973017848486255
2.6 14 4.846574777803162 34.38149806482809 143.11559522103215 2772.321706753581 32.357471494298856 20.424484896979394 13.54150830166033 9.277055411082216 2.7128221331929896 0.9991173238003848 2.0 0.39426911069209614 0.912868226639053 12.757551510302061 64.6991398279656 4.609121824364873 29.538107621524304 4.03382240663206 2.574037337549301 4.437437518345048 0.4333652746437514 1.063753311788924 14.022604520904181 143.57891578315665 4.906781356271255 35.41688337667534 4.292068174598679 2.97453029354208
2.6 16 5.538942603203614 39.293140645517816 163.56068025260709 3620.9916169842695 36.60732146429286 22.924584916983395 15.003000600120023 10.142028405681137 2.787215651985467 1.0163323604952916 2.0 0.3965737704918033 0.919415300546448 14.51750350070014 73.19303860772155 5.246649329865973 33.65733146629326 4.035988207838448 2.572814617291754 4.4789735905218935 0.4374207650273224 1.0741123438522109 16.012802560512103 163.9875975195039 5.605521104220844 40.47589517903581 4.2929023527841235 2.975227700113872
2.6 18 6.231310428604066 44.204783226207546 184.00576528418298 4582.817515245716 40.80816163232647 25.38507701540308 16.503300660132027 10.982196439287858 2.8502891148790344 1.0308427266559699 2.0 0.39972058823529405 0.9244362745098039 16.311862372474494 81.62652530506101 5.904580916183237 37.7245449089818 4.027174654095262 2.5628002469520945 4.517597419166343 0.4407598039215686 1.0840159626842976 17.986597319463893 184.38347669533908 6.323264652930586 45.55991198239648 4.28820758651735 2.979104210269689
2.6 20 6.92367825400452 49.11642580689727 204.4508503157602 5657.799401537921 45.06901380276055 27.905581116223246 17.94358871774355 11.88237647529506 2.8948737337131862 1.0409349205710723 2.0 0.40174434087882827 0.9272836218375499 18.10622124424885 90.11982396479296 6.562512502500501 41.79175835167033 4.020102501410623 2.5569480483553733 4.665979653537007 0.4442121615623614 1.0901750136723893 20.020204040808164 210.28205641128227 7.041008201640328 50.703740748149634 4.2870257553575755 2.983935825003744
2.6 22 7.616046079404972 54.028068387587 224.89593534733623 6845.937275860884 49.26985397079416 30.366073214642928 19.44388877775555 12.72254450890178 2.940036480953447 1.0509632013982082 2.0 0.40269589930978483 0.9307714169711734 19.840768153630727 98.55331066213243 7.2204440888177635 45.85897179435887 4.014302018871259 2.558675671927272 4.903390984667362 0.4476126674786845 1.0971132031823196 22.05381076215243 241.56371274254852 7.698939787957592 55.96719343868774 4.307513029917156 2.992326647248485
2.6 24 8.30841390480542 58.93971096827673 245.34102037891063 8147.231138214605 53.53070614122825 32.88657731546309 20.884176835367075 13.522704540908181 2.987697065770748 1.0579214794587697 2.0 0.4048579970104634 0.9326831091180867 21.672334466893382 107.07541508301661 7.864172834566914 49.927185437087424 4.013420172443202 2.549700392393999 4.925619947985997 0.44958893871449923 1.1012619643959924 24.066813362672537 263.6743348669734 8.422884576915383 61.18123624724945 4.305786994271922 2.9965982562082303
2.7 8 2.720761996635412 19.98742242550777 85.85230251847948 754.6377193988723 19.53990798159632 12.745349069813962 8.881776355271054 6.4392878575715145 2.4104233712560625 0.9278538987609757 2.0 0.37437551187551193 0.8856367731367732 7.315263052610523 39.08961792358472 2.6283256651330267 17.305261052210444 4.092494895938601 2.6441579605712455 4.451045873965818 0.410411547911548 1.0270382431146463 8.019403880776157 86.97119423884777 2.782356471294259 20.627925585117026 4.3502139282811365 3.034980864893782
2.7 10 3.400952495794265 24.984278031884713 107.31537814809977 1179.121436560738 23.74594918983797 15.181836367273455 10.315863172634527 7.368473694738948 2.541059983760986 0.9713261399213391 2.0 0.3827354977844422 0.9012265597358179 9.088417683536708 47.487697539507906 3.2636527305461094 21.400480096019205 4.083597875009329 2.6219179545226368 4.556684097473928 0.4222617222381346 1.0535184859060702 10.027005401080217 108.19223844768953 3.484496899379876 25.789757951590317 4.346535918513075 3.033086041444202
2.7 12 4.0811429949531215 29.98113363826168 128.77845377771973 1697.9348686474625 27.96139227845569 17.60532106421284 11.759151830366072 8.184636927385476 2.6677968681436375 1.0045742139035672 2.0 0.38847752523626583 0.9110166763247698 10.862372474494899 55.92378475695139 3.8889777955591116 25.473294658931785 4.08124827879356 2.607877660249724 4.631311569144086 0.43004313952739687 1.074133019201113 12.024604920984197 129.50970194038808 4.154630926185237 30.919183836767353 4.358477859473039 3.0336458217970215
2.7 14 4.761333494111975 34.97798924463863 150.24152940733967 2311.078015659046 32.14242848569714 20.0500100020004 13.184636927385476 9.010802160432087 2.761576159024857 1.0248204635092004 2.0 0.3921147622603934 0.9185275080906149 12.603520704140829 64.29545909181837 4.531506301260253 29.52370474094819 4.069641325866478 2.600726761037608 4.692867584477146 0.43558003485187957 1.0888982471674407 14.000600120024005 150.8367673534707 4.841968393678735 36.08221644328866 4.361356285623211 3.036766001651306
2.7 16 5.441523993270824 39.97484485101554 171.70460503695895 3018.550877595489 36.36727345469094 22.504500900180037 14.582916583316663 9.781956391278255 2.8514250988116423 1.0422067821928365 2.0 0.3959020902090209 0.9238393839383939 14.397879575915184 72.71454290858172 5.1270254050810165 33.597519503900784 4.0822087264673765 2.590781630452259 4.735712108945154 0.44030803080308034 1.1002793108385927 16.012802560512103 172.24164832966594 5.5457091418283655 41.19363872774555 4.354365338291554 3.0341824314944477
2.7 18 6.121714492429682 44.97170045739252 193.1676806665796 3820.3534544567915 40.568113622724546 24.90498099619924 16.023204640928185 10.622124424884976 2.9098671478991465 1.0594929961477162 2.0 0.3976627218934911 0.9284319526627218 16.13242648529706 81.14802960592118 5.78495699139828 37.66473294658932 4.068173789995523 2.5868195159674774 4.772739413003211 0.44336785009861934 1.1089661678815017 17.986597319463893 193.59451890378077 6.203640728145629 46.3374674934987 4.366428279140359 3.038713221242648
2.7 20 6.80190499158853 49.96855606376943 214.63075629619954 4716.485746242952 44.768953790758154 27.305461092218444 17.403480696139226 11.402280456091217 2.9699261325991992 1.0736371540777823 2.0 0.40042895442359244 0.9321626452189455 17.926785357071413 89.52170434086818 6.3830766153230645 41.73194638927786 4.077192917746357 2.5785750695703324 5.076742533270818 0.4485254691689008 1.1168372470401575 20.08001600320064 227.26865373074617 6.921384276855371 51.72054410882176 4.367350615215934 3.0437445428041983
2.7 22 7.482095490747389 54.965411670146416 236.0938319258195 5706.947752953972 48.96979395879176 29.76595319063813 18.80376075215043 12.24244848969794 3.010299956639812 1.0810424113183186 2.0 0.40181781045751636 0.9347957516339869 19.676935387077418 97.97639527905582 7.066013202640528 45.776755351070214 4.057352810706856 2.5764516568724662 5.194315290187356 0.45071486928104576 1.122717782431244 22.071414282856573 254.3358671734347 7.624724944988999 57.03080616123225 4.369426645460533 3.055784567900097
2.7 24 8.162285989906243 59.96226727652336 257.55690755543947 6791.73947458985 53.13062612522505 32.16643328665733 20.244048809761953 12.962592518503701 3.063265324126933 1.0897101314177375 2.0 0.4033998493975904 0.9382040662650601 21.432886577315465 106.27725545109023 7.624724944988999 49.84736947389478 4.07709031654293 2.5713524141858857 5.154692568793332 0.45297439759036146 1.1290643035438397 24.066813362672537 273.89077815563115 8.263252650530106 62.21884376875376 4.383854523140438 3.0520494131025644
2.8 8 2.673706178329251 20.328097164429415 90.05196186658492 628.6911647311003 19.449289857971593 12.54490898179636 8.706541308261652 6.27245449089818 2.4573311487766105 0.9521811704567046 2.0 0.37354849990229055 0.8901539695763524 7.265253050610122 38.893178635727146 2.5779155831166234 17.312862572514504 4.135500949486703 2.662635608956836 4.7035570976977015 0.41292027934627223 1.049307839030549 8.031006201240249 91.4748949789958 2.7403480696139226 21.00240048009602 4.422316032804577 3.0914515874503152
2.8 10 3.3421327229115656 25.410121455536796 112.56495233323156 982.3299448923442 23.6129225845169 14.938187637527506 10.056811362272455 7.175035007001401 2.5866285946997576 0.9942591649738082 2.0 0.38124888809820323 0.9056768410975847 9.00240048009602 47.232846569313864 3.1904380876175233 21.385677135427084 4.131363422993633 2.6453950636544517 4.814624985732786 0.42453893138824644 1.0785986458516534 10.024604920984196 113.6761352270454 3.4240848169633926 26.23384676935387 4.421587318034767 3.0914518619389635
2.8 12 4.010559267493877 30.492145746644123 135.07794279987843 1414.555120644976 27.795559111822364 17.293458691738348 11.447289457891578 7.981596319263852 2.7094282771332123 1.0304677675172467 2.0 0.38660669305505585 0.9150557754587981 10.745949189837969 55.57731546309262 3.7845569113822766 25.434486897379475 4.137039701816405 2.632528263558596 4.89279104854989 0.43293990644116587 1.0987895563509675 12.03380676135227 135.98139627925585 4.097819563912783 31.45609121824365 4.42575962005129 3.0901661142764283
2.8 14 4.678985812076189 35.57417003775148 157.5909332665242 1925.3666919889947 31.98639727945589 19.68393678735747 12.84256851370274 8.701740348069613 2.8267960339579865 1.054266826574466 2.0 0.39028767979987494 0.9232145090681677 12.483896779355872 63.98199639927986 4.409281856371274 29.530306061212244 4.1295004342438535 2.6237023747937127 4.951013475120899 0.43890556597873676 1.1135629081901954 14.039007801560313 158.36527305461092 4.768153630726145 36.70774154830966 4.432037126322037 3.089426544673051
2.8 16 5.347412356658502 40.65619432885883 180.10392373316984 2514.7646589244014 36.12722544508902 22.024404880976196 14.162832566513302 9.481896379275856 2.904697021517009 1.0746521350286762 2.0 0.39356589147286825 0.9283222591362127 14.218443688737748 72.23604720944189 5.00740148029606 33.537707541508304 4.1296047992438325 2.6152764580208574 5.00360929453294 0.443233665559247 1.1262688795179843 16.012802560512103 180.79475895179036 5.426085217043409 41.91138227645529 4.43922687201448 3.093531157013713
2.8 18 6.015838901240815 45.73821861996617 202.61691419981605 3182.749021451196 40.26805361072214 24.424884976995397 15.543108621724345 10.202040408081617 2.981367993953591 1.0856405547188603 2.0 0.39616989567809247 0.9338648782911079 15.952990598119625 80.54990998199641 5.605521104220844 37.60492098419684 4.133143442440334 2.6086599388832346 5.145445189216673 0.44815697963238954 1.1367408925842748 18.046409281856373 207.17183436687338 6.084016803360672 47.23464692938588 4.450351342878115 3.0947187268674305
2.8 20 6.684265445823131 50.82024291107359 225.12990466646312 3929.319779569377 44.46889377875575 26.765353070614122 16.863372674534908 10.982196439287858 3.0368355912444933 1.1024167463359316 2.0 0.39775078722447144 0.9371075123706704 17.6875375075015 88.9235847169434 6.263452690538108 41.67213442688538 4.115159719746217 2.605539510966321 5.43395059281505 0.45155195681511473 1.1433217778492095 20.08001600320064 241.623524704941 6.801760352070414 52.677535507101425 4.445020611180968 3.1049734812693868
2.8 22 7.35269199040544 55.902267202180894 247.64289513310854 4754.476933278946 48.6497299459892 29.125825165033007 18.24364872974595 11.762352470494099 3.0829312226227943 1.1140109781183947 2.0 0.3995394736842105 0.9393050986842105 19.4374874974995 97.33786757351471 6.826565313062613 45.69693938787758 4.128424319582468 2.6003476191323696 5.456358542958634 0.45368009868421055 1.149692946791882 22.071414282856573 265.43028605721145 7.465093018603722 58.068413682736555 4.454523692480229 3.1108321952239497
2.8 24 8.021118534987753 60.98429149328825 270.15588559975686 5658.220482579904 52.81056211242249 31.52630526105221 19.60392078415683 12.482496499299861 3.1320966859370354 1.1202385685814729 2.0 0.40131060606060603 0.9423787878787878 21.193438687737547 105.63872774554912 7.465093018603722 49.76755351070214 4.1195553423580735 2.5957486037066024 5.357456297037109 0.455719696969697 1.1550424069635388 24.066813362672537 282.9099819963993 8.103620724144829 63.17663532706542 4.459386930090771 3.104396394449788
2.9 8 2.628209968646136 20.668697840523667 94.38233132382918 523.4585899211108 19.339467893578718 12.351670334066814 8.513302660532107 6.102020404080816 2.504854326065958 0.973594144471943 2.0 0.37223566892157467 0.8946709696104593 7.198839767953591 38.68113622724545 2.513102620524105 17.30246049209842 4.189488216194338 2.683348536829844 4.972866314460044 0.4151409834709034 1.0724318784802587 8.02860572114423 96.17903580716144 2.7083416683336665 21.378075615123024 4.486325786837028 3.1494331125570896
2.9 10 3.28526246080767 25.835872300654582 117.97791415478648 817.9040467517357 23.4748949789958 14.690938187637528 9.824564912982597 6.94758951790358 2.6438475337792915 1.0177706328669687 2.0 0.3793661749793355 0.9104225784185903 8.905581116223244 46.943588717743545 3.128425685137027 21.372074414882974 4.172604173891667 2.668418691584891 5.085594858904254 0.42729077724092673 1.103687533069382 10.030606121224244 119.37087417483497 3.3716743348669733 26.693138627725542 4.492770109097737 3.147920234885044
2.9 12 3.9423149529692045 31.0030467607855 141.57349698574376 1177.7818273224993 27.607521504300863 16.986397279455893 11.17623524704941 7.734546909381877 2.7629627068080738 1.0546307096770375 2.0 0.3855300340555032 0.9201579595681472 10.643528705741147 55.217243448689736 3.7237447489497897 25.403280656131226 4.169549512683353 2.6507489108289954 5.169901275351215 0.4348597927686399 1.1243298064529326 12.005401080216043 142.74514902980596 4.018203640728146 32.02860572114423 4.507530452108014 3.1512490436702194
