docs/data/no_psf_corr.ecsv
# %ECSV 1.0
# ---
# datatype:
# - {name: n, datatype: float64}
# - {name: r_eff, datatype: int64}
# - {name: sersic_r_20, datatype: float64}
# - {name: sersic_r_80, datatype: float64}
# - {name: sersic_r_99, datatype: float64}
# - {name: sersic_L_inf, datatype: float64}
# - {name: p02, datatype: float64}
# - {name: p03, datatype: float64}
# - {name: p04, datatype: float64}
# - {name: p05, datatype: float64}
# - {name: p0502, datatype: float64}
# - {name: p0302, datatype: float64}
# - {name: u_epsilon, datatype: float64}
# - {name: u_epsilon_50, datatype: float64}
# - {name: u_epsilon_80, datatype: float64}
# - {name: u_r_50, datatype: float64}
# - {name: u_r_99, datatype: float64}
# - {name: u_r_20, datatype: float64}
# - {name: u_r_80, datatype: float64}
# - {name: u_c2080, datatype: float64}
# - {name: u_c5090, datatype: float64}
# - {name: c_epsilon, datatype: float64}
# - {name: c_epsilon_50, datatype: float64}
# - {name: c_epsilon_80, datatype: float64}
# - {name: c_r_50, datatype: float64}
# - {name: c_r_99, datatype: float64}
# - {name: c_r_20, datatype: float64}
# - {name: c_r_80, datatype: float64}
# - {name: c_c2080, datatype: float64}
# - {name: c_c5090, datatype: float64}
# schema: astropy-2.0
n r_eff sersic_r_20 sersic_r_80 sersic_r_99 sersic_L_inf p02 p03 p04 p05 p0502 p0302 u_epsilon u_epsilon_50 u_epsilon_80 u_r_50 u_r_99 u_r_20 u_r_80 u_c2080 u_c5090 c_epsilon c_epsilon_50 c_epsilon_80 c_r_50 c_r_99 c_r_20 c_r_80 c_c2080 c_c5090
[from data line 32]
0.8 18 9.279044876576522 29.829417109965195 60.819440130011444 97815.24551900469 39.499299859972 32.983196639327865 27.784956991398282 23.31886377275455 1.1444100617378015 0.39148326851923865 2.0 0.4594468669127962 0.778361871192209 18.147829565913185 78.98439687937588 9.410082016403281 30.74474894978996 2.5708877121975027 1.665761353556988 1.540412515422864 0.45575998825060643 0.7562405463952178 18.002200440088018 60.85357071414283 9.337267453490698 30.307861572314465 2.556677481121138 1.6341572945375376
0.8 20 10.310049862862803 33.14379678885022 67.5771557000128 120759.56236914163 43.68873774754951 36.427285457091415 30.66613322664533 25.68513702740548 1.1534380514993257 0.3947134411888983 2.0 0.46098443223443225 0.7813415750915751 20.13982796559312 87.36847369473895 10.450290058011603 34.135827165433085 2.5704104303989457 1.6675041328706584 1.5478957744586945 0.45824633699633704 0.7590105239379323 20.020204040808164 67.63052610522105 10.390478095619125 33.65733146629326 2.552220743306171 1.6320301151168428
0.8 22 11.341054849149085 36.45817646773524 74.3348712700142 146119.07046666136 47.88957791558312 39.90798159631926 33.54670934186837 28.025605121024203 1.1634300539230866 0.39590623023812443 2.0 0.4630116959064327 0.7839933166248956 22.173434686937387 95.80196039207841 11.467093418683737 37.545109021804365 2.575500095860967 1.6667456537303547 1.5531616803132455 0.459264828738513 0.7618858378024655 21.993998799759954 74.38927785557112 11.407281456291258 37.06661332266454 2.5590037516034108 1.634893193104949
0.8 24 12.372059835435362 39.77255614662026 81.09258684001526 173893.76981156395 52.090418083616726 43.388677735547105 36.427285457091415 30.426085217043408 1.1675588292157797 0.3969071394098057 2.0 0.46471198156682025 0.7862173579109063 24.207041408281658 104.1756351270254 12.54370874174835 40.95439087817564 2.5693725480424554 1.663621957519432 1.5570566000440276 0.46126728110599075 0.7641160863901232 24.02760552110422 81.08821764352871 12.483896779355872 40.41608321664333 2.551020269790256 1.6318696314597136
0.9 8 4.01007375809516 13.643695363211206 29.299687435251577 16646.99192523919 18.813162632526506 15.663132626525305 13.209241848369674 11.120824164832968 1.141624178974551 0.3979159225699272 2.0 0.429902070241475 0.749040373430306 8.087817563512703 37.62612522504501 4.079415883176635 14.091818363672735 2.6918452711407257 1.7616106837022052 1.5615274864231112 0.42624432464618756 0.7297107127956044 8.019003800760153 29.385677135427084 4.062212442488498 13.902580516103221 2.6716639344338526 1.7303457666481705
0.9 10 5.01259219761895 17.054619204014006 36.62460929406447 26010.924883186228 23.06901380276055 19.100620124024804 16.004400880176036 13.387877575515104 1.1815864827899962 0.4099078076554311 2.0 0.43761814744801514 0.7625864969390056 10.095419083816763 46.13142628525705 5.083216643328665 17.592118423684738 2.695897602165708 1.7627524347623056 1.5903057119135153 0.43387211460085673 0.740289067363717 10.009001800360071 36.690338067613524 5.061612322464493 17.354470894178835 2.6756124931578236 1.7313210616492827
0.9 12 6.01511063714274 20.46554304481681 43.94953115287737 37455.73183178817 27.332066413282657 22.536507301460293 18.789157831566314 15.618323664732946 1.2151902434314723 0.41892928591481554 2.0 0.44285787474475413 0.7720609223247678 12.104220844168832 54.674734946989396 6.097019403880776 21.102020404080815 2.696032307282867 1.7612913622873172 1.6109494801000839 0.4390520591657945 0.7505519966783005 12.000200040008002 44.03860772154431 6.071014202840568 20.815963192638527 2.675676312009314 1.7339392410146823
0.9 14 7.01762907666653 23.87646688561961 51.27445301169026 50981.41277104501 31.585517103420685 25.984596919383876 21.607921584316863 17.87397479495899 1.2363342508939654 0.42386003523619936 2.0 0.44656609413791354 0.7796460961645639 14.10502100420084 63.18043608721744 7.111622324464893 24.625525105021 2.6970840770538373 1.7632826058245437 1.6246426255740072 0.44367811724172873 0.7575636970074004 14.01380276055211 51.322064412882575 7.081216243248649 24.291058211642326 2.6766928892800745 1.7311630064626906
0.9 16 8.02014751619032 27.287390726422412 58.599374870503155 66587.96770095675 35.88217643528706 29.440888177635525 24.399879975995198 20.12902580516103 1.2552801035107133 0.4296393479693049 2.0 0.44886411149825783 0.7835261324041812 16.10622124424885 71.7625525105021 8.135427085417085 28.114622924584918 2.692759530355376 1.7642213589467444 1.6342527205209647 0.4459540069686411 0.7612526531233303 16.001800360072014 58.640328065613126 8.065813162632526 27.766553310662133 2.684369079772768 1.7320404700289744
0.9 18 9.02266595571411 30.698314567225225 65.92429672931594 84275.3966215234 40.11722344468894 32.86617323464693 27.191438287657533 22.38367673534707 1.2669972114486052 0.432908636815006 2.0 0.4520209827171821 0.7882231507983205 18.13382676535307 80.23904780956191 9.116023204640928 31.62132426485297 2.7008731586783057 1.7627243691681294 1.6446343180431737 0.44908898706531164 0.7658101732731155 18.016203240648128 65.96739347869574 9.076815363072614 31.229245849169832 2.6831399767330137 1.7304953282390032
0.9 20 10.0251843952379 34.10923840802801 73.24921858812894 104043.69953274491 44.40888177635527 36.307261452290454 30.006001200240046 24.664932986597318 1.2769494892745352 0.4373817253925367 2.0 0.45350900900900903 0.7915675675675675 20.13982796559312 88.80396079215843 10.15123024604921 35.15263052610522 2.6971957556392825 1.7612025446791189 1.6500250609260847 0.4508153153153153 0.768878122496196 20.020204040808164 73.25285057011402 10.091418283656731 34.67413482696539 2.6802671287699775 1.7307206169246403
0.9 22 11.027702834761692 37.52016224883084 80.57414044694184 125892.87643462136 48.66973394678936 39.7879575915183 32.82656531306261 26.885377075415082 1.28871420106506 0.43753662903191465 2.0 0.45558980682285244 0.793547061241266 22.173434686937387 97.35707141428286 11.168033606721345 38.62172434486897 2.694274738375941 1.7598740632360308 1.656171234005955 0.4519030004110153 0.7714759754691438 21.993998799759954 80.60972194438888 11.108221644328866 38.143228645729145 2.6788645727028575 1.7327827369836588
0.9 24 12.03022127428548 40.93108608963362 87.89906230575474 149822.9273271527 52.93058611722344 43.20864172834567 35.5871174234847 29.165833166633327 1.2941615793476315 0.44068044350275615 2.0 0.4562055933484505 0.7963378684807257 24.147229445889177 105.8503700740148 12.18483696739348 42.150630126025206 2.6949217436364252 1.7641401921188091 1.661407858661387 0.45394557823129256 0.7734665587271973 24.02760552110422 87.96659331866374 12.125025005001001 41.6123224644929 2.67769656191203 1.7290915286961912
1.0 8 3.903137827397701 14.02271769804188 31.642334308606404 14275.66454802293 19.079815963192637 15.621124224844968 12.960592118423683 10.7751550310062 1.24075326958047 0.43430947634475076 2.0 0.4229712728035228 0.7580520025162508 8.070214042808562 38.156231246249256 3.9709941988397683 14.463492698539708 2.806869640376674 1.8544905387612654 1.6635968566174741 0.4200146781295869 0.7394995983492405 8.01380276055211 31.744148829765955 3.9521904380876176 14.294258851770355 2.7916188964442834 1.8240139508932398
1.0 10 4.8789222842471265 17.52839712255235 39.552917885758006 22305.725856285833 23.4000800160032 19.02000400080016 15.6873374674935 12.902180436087217 1.2927711564687436 0.45003369259072135 2.0 0.4311018405327543 0.7720577549432794 10.087817563512703 46.79315863172634 4.941988397679536 18.06621324264853 2.8148270530153314 1.8511364392182104 1.6934398809058022 0.4280756046060336 0.7516043950341623 10.017003400680135 39.61732346469294 4.918383676735347 17.85377075415083 2.7995377478760726 1.8226683398980135
1.0 12 5.854706741096551 21.03407654706282 47.463501462909605 32120.24523305159 27.69033806761352 22.426885377075415 18.393478695739148 15.046609321864372 1.324448065773273 0.45779647311977595 2.0 0.43618881118881125 0.7818947581344277 12.078215643128626 55.36847369473895 5.942588517703541 21.650930186037208 2.8075045007676285 1.8531091616278847 1.7161049249721019 0.4341371438478877 0.7602037138858923 12.021404280856173 47.52850570114023 5.9141828365673135 21.42368473694739 2.7949971110740517 1.821616418480862
1.0 14 6.830491197945977 24.539755971573282 55.374085040061104 43719.22267832023 32.00360072014403 25.85677135427085 21.113022604520904 17.204440888177633 1.3477914001867675 0.4631227419782593 2.0 0.44005725500981335 0.7897253509682097 14.083416683336667 63.99299859971995 6.910782156431286 25.27405481096219 2.815738598797761 1.851949792465929 1.7315751890597235 0.4379820734314252 0.7679413801628006 14.017003400680135 55.42568513702741 6.877575515103021 24.9751950390078 2.8003676042616044 1.8225760596660439
1.0 16 7.806275654795402 28.04543539608376 63.28466861721281 57102.65819209172 36.333066613322664 29.263052610522106 23.85657131426285 19.319663932786558 1.3715124376691632 0.46991213492826367 2.0 0.44258901386893057 0.7945151930583774 16.080616123224644 72.67993598719744 7.882176435287058 28.86717343468694 2.818790547772201 1.8526426866865697 1.7426662208475252 0.44051885987369865 0.7730898321507773 16.005401080216046 63.31566313262653 7.882176435287058 28.566313262652532 2.796040212517563 1.8257252368835972
1.0 18 8.782060111644828 31.55111482059424 71.19525219436454 72270.5517743661 40.62812562512502 32.70654130826165 26.58531706341268 21.484296859371874 1.3835282102063495 0.4709608320425094 2.0 0.44565731166912853 0.7989807976366322 18.10622124424885 81.26765353070614 8.89517903580716 32.46109221844369 2.811042173832883 1.8502334979631763 1.7529220087684552 0.442712949286066 0.7773946798423912 17.986597319463893 71.21924384876975 8.835367073414684 32.102220444088815 2.801552376569915 1.8275981446613496
1.0 20 9.757844568494253 35.0567942451047 79.10583577151601 89222.90342514333 44.94898979795959 36.06721344268854 29.285857171434287 23.584716943388678 1.400446336620199 0.47803672848363443 2.0 0.4480596350689809 0.8020160213618158 20.13982796559312 89.88057611522305 9.852170434086817 36.0498099619924 2.8168553175362727 1.8455182550741536 1.7602328886954623 0.4453983088562528 0.780159123080737 20.020204040808164 79.11442288457691 9.852170434086817 35.69093818763753 2.79513024003569 1.8223189749430866
1.0 22 10.73362902534368 38.56247366961518 87.01641934866778 107959.71314442341 49.26985397079416 39.4878975795159 31.98639727945589 25.74514902980596 1.4094293246735825 0.4805863175274263 2.0 0.44882663418595214 0.8045188794153472 22.11362272454491 98.55331066213243 10.868973794758952 39.63852770554111 2.809644867201815 1.8500325232830082 1.7662796953140032 0.446398700771417 0.7831493521543753 21.993998799759954 87.00960192038409 10.809161832366474 39.27965593118624 2.801878279462548 1.8264491340662061
1.0 24 11.709413482193103 42.06815309412564 94.92700292581921 128480.98093220637 53.59071814362873 42.90858171634327 34.68693738747749 27.905581116223246 1.4169925299929624 0.48272708543732895 2.0 0.4505860395670026 0.8066181410974245 24.147229445889177 107.16623324664933 11.825965193038607 43.22724544908982 2.814604828183506 1.8461171094724786 1.7715130861326402 0.4483538633818589 0.7855263022709479 24.02760552110422 94.96459291858372 11.766153230646129 42.80856171234247 2.804480683450517 1.8221464723407068
1.1 8 3.8025598900560404 14.395688050373096 34.06264078032564 12194.472365043426 19.30606121224245 15.535507101420285 12.712742548509702 10.425685137027406 1.337945370239896 0.47184122509002124 2.0 0.41747572815533973 0.7683580110039269 8.059811962392478 38.604720944188834 3.8769753950790156 14.833966793358671 2.913821288425203 1.9351141688834164 1.7692893282309528 0.41536197946348086 0.7493327513384241 8.019003800760153 34.156631326265256 3.8565713142628524 14.69113822764553 2.9042703920679633 1.9120472217219853
1.1 10 4.753199862570051 17.994610062966384 42.57830097540723 19053.86307038035 23.652130426085215 18.90138027605521 15.344668933786757 12.448489697939587 1.3937680047641445 0.4868837271773194 2.0 0.42485008922756845 0.7818449385556129 10.04860972194439 47.30166033206642 4.805961192238447 18.492298459691938 2.9260531730326065 1.9367450292225863 1.8024546716969359 0.42378443296091756 0.7636287256275271 10.023404680936189 42.63872774554911 4.805961192238447 18.34106821364273 2.908221832497922 1.910716829943526
1.1 12 5.703839835084061 21.593532075559644 51.093961170488456 27437.562821347703 28.004600920184036 22.281256251250248 17.99639927985597 14.476695339067813 1.4327997666431835 0.4964485737670554 2.0 0.4309225329476053 0.7924783027965284 12.067813562712542 56.00460092018403 5.773754750950189 22.193038607721544 2.9237921802654663 1.9312935030957037 1.8252725481112222 0.4287510268223865 0.7728351798379164 12.007001400280055 51.10922184436887 5.743348669733947 22.010602120424085 2.917333704111506 1.9151167357726773
1.1 14 6.6544798075980705 25.192454088152918 59.609621365569865 37345.57161794549 32.36967393478696 25.673734746949393 20.624924984997 16.50710142028406 1.4623375254285755 0.5032463740378158 2.0 0.43459855638502987 0.7987034656647055 14.067813562712542 64.7367473494699 6.732746549309862 25.85377075415083 2.921658138015011 1.9303586528033334 1.8430241885597567 0.43239852672170853 0.7790143236490816 13.996599319863972 59.64492898579716 6.697139427885577 25.675735147029403 2.918167732701395 1.9163823147029968
1.1 16 7.605119780112081 28.79137610074619 68.12528156065127 48777.889460173705 36.72734546909382 29.045809161832366 23.284656931386277 18.54370874174835 1.4839647136036327 0.5095303025057436 2.0 0.43761982570806096 0.804041394335512 16.07261452290458 73.43228645729145 7.698939787957592 29.530306061212244 2.919185125242146 1.930463362682081 1.85616708341174 0.4359912854030501 0.784472064934824 16.012802560512103 68.16883376675335 7.639127825565113 29.350870174034807 2.922886021463729 1.9151818287928
1.1 18 8.555759752626093 32.39029811333949 76.64094175573268 61734.51634803233 41.04820964192839 32.40648129625925 25.865173034606922 20.584116823364674 1.4988099083867288 0.5133117094857389 2.0 0.4396393762183236 0.8082894736842104 18.046409281856373 82.10502100420084 8.655931186237247 33.17883576715343 2.9177367377310532 1.932592786962163 1.8677603604646316 0.438182261208577 0.789862159691779 17.986597319463893 76.6621324264853 8.59611922384477 32.999399879975996 2.921018058281301 1.9160279630657642
1.1 20 9.506399725140103 35.98922012593277 85.15660195081446 76215.4522815214 45.42908581716343 35.767153430686136 28.505701140228044 22.624524904980994 1.5137726464713996 0.5192480987991818 2.0 0.4420079260237781 0.8119726992514311 20.08001600320064 90.8375675135027 9.612922584516904 36.8871774354871 2.9200998997402228 1.9278230448384623 1.874850381116561 0.4406913254073096 0.7929407424554243 20.020204040808164 85.15543108621725 9.553110622124425 36.64792958591718 2.9195231877846144 1.912899426395068
1.1 22 10.45703969765411 39.58814213852601 93.6722621458955 92220.6972606409 49.80996199239848 39.187837567513505 31.14622924584917 24.664932986597318 1.5261813525000234 0.5208245555049997 2.0 0.44275903614457834 0.8138072289156628 22.05381076215243 99.62992598519705 10.56991398279656 40.53570714142829 2.9188315028977336 1.9298040524998754 1.881230246139022 0.44155823293172697 0.7953160702393665 21.993998799759954 93.70854170834167 10.510102020404082 40.35627125425085 2.921520503901905 1.9162417534658003
