docs/data/no_psf_corr.ecsv
# %ECSV 1.0
# ---
# datatype:
# - {name: n, datatype: float64}
# - {name: r_eff, datatype: int64}
# - {name: sersic_r_20, datatype: float64}
# - {name: sersic_r_80, datatype: float64}
# - {name: sersic_r_99, datatype: float64}
# - {name: sersic_L_inf, datatype: float64}
# - {name: p02, datatype: float64}
# - {name: p03, datatype: float64}
# - {name: p04, datatype: float64}
# - {name: p05, datatype: float64}
# - {name: p0502, datatype: float64}
# - {name: p0302, datatype: float64}
# - {name: u_epsilon, datatype: float64}
# - {name: u_epsilon_50, datatype: float64}
# - {name: u_epsilon_80, datatype: float64}
# - {name: u_r_50, datatype: float64}
# - {name: u_r_99, datatype: float64}
# - {name: u_r_20, datatype: float64}
# - {name: u_r_80, datatype: float64}
# - {name: u_c2080, datatype: float64}
# - {name: u_c5090, datatype: float64}
# - {name: c_epsilon, datatype: float64}
# - {name: c_epsilon_50, datatype: float64}
# - {name: c_epsilon_80, datatype: float64}
# - {name: c_r_50, datatype: float64}
# - {name: c_r_99, datatype: float64}
# - {name: c_r_20, datatype: float64}
# - {name: c_r_80, datatype: float64}
# - {name: c_c2080, datatype: float64}
# - {name: c_c5090, datatype: float64}
# schema: astropy-2.0
n r_eff sersic_r_20 sersic_r_80 sersic_r_99 sersic_L_inf p02 p03 p04 p05 p0502 p0302 u_epsilon u_epsilon_50 u_epsilon_80 u_r_50 u_r_99 u_r_20 u_r_80 u_c2080 u_c5090 c_epsilon c_epsilon_50 c_epsilon_80 c_r_50 c_r_99 c_r_20 c_r_80 c_c2080 c_c5090
[from data line 94]
3.5 18 5.36310074037885 51.11006795729289 277.3880771775672 873.7958969330405 39.927985597119424 21.444288857771554 12.72254450890178 8.241648329665933 3.4263166045910887 1.3498287579730053 2.0 0.39086172344689385 0.994559118236473 15.606321264252852 79.85817163432687 4.990798159631927 39.71074214842969 4.503689986711028 2.780355551629434 2.869307407573262 0.4488326653306614 1.2259286866522237 17.92098419683937 114.57811562312463 5.469693938787758 50.48589717943589 4.82603526377748 3.149398786860832
3.5 20 5.959000822643176 56.7889643969921 308.2089746417413 1078.7603665840006 43.92878575715143 23.364672934586917 13.762752550510102 8.721744348869775 3.510729232547341 1.370947465008368 2.0 0.3934198542805101 0.9948269581056467 17.282456491298262 87.83976795359072 5.469693938787758 43.70154030806162 4.512668593548813 2.767609351208213 2.923696226565194 0.45337887067395266 1.2399808048569214 19.91638327665533 128.46609321864372 6.028405681136228 56.152830566113224 4.845845913664723 3.156294464350804
3.7 10 2.889152253380751 29.251066556101755 167.63346945886323 185.70207062790132 23.8247649529906 13.022604520904181 8.341668333666734 5.701140228045609 3.105334507371337 1.3116538645729279 2.0 0.37586901763224184 0.9934508816120907 8.95499099819964 47.65333066613323 2.794358871774355 23.66873374674935 4.639464218190906 2.8866185587537867 2.528514375238552 0.4185474391267842 1.1546850315885555 9.971794358871774 60.21384276855371 2.97379475895179 28.334066813362675 4.894989609731958 3.127070269440253
3.7 12 3.4669827040569015 35.101279867322106 201.16016335063495 267.41098170417786 26.58531706341268 14.762952590518104 9.241848369673935 6.1812362472494495 3.167832507589487 1.277343095598452 2.0 0.37733634311512415 0.9645372460496614 10.031606321264253 53.15603120624125 3.153230646129226 25.64252850570114 4.551025540860832 2.8098479307350694 3.5257798449358884 0.4515801354401806 1.2900878501989943 12.005401080216043 93.70854170834167 3.512102420484097 35.451690338067614 5.020348874044274 3.36357028494965
3.7 14 4.044813154733052 40.95149317854246 234.68685724240743 363.9760584306866 30.96619323864773 16.723344668933787 10.162032406481297 6.801360272054411 3.291460196523093 1.337823394539287 2.0 0.38283591731266153 0.9833979328165375 11.85497099419884 61.8995799159832 3.71374274854971 30.452090418083618 4.569026469085111 2.8130603920648003 3.1305889178030424 0.44985142118863053 1.2735347458816983 13.930186037207443 96.93878775755152 4.112822564512903 40.74834966993399 4.97985025350775 3.2747520731551334
3.7 16 4.622643605409202 46.80170648976278 268.2135511341799 475.3973008074273 36.16723344668934 18.80376075215043 11.202240448089618 7.281456291258252 3.4804852124514425 1.420352862698229 2.0 0.3895741150442478 1.0141150442477875 14.08981796359272 72.35547109421884 4.352270454090819 36.67773554710942 4.628433199290568 2.8322545987020433 2.623723299710686 0.44033185840707967 1.2123453088775558 15.925585117023406 94.86357271454291 4.671534306861373 45.138227645529106 4.9254247995658655 3.1123763512154623
3.7 18 5.200474056085352 52.65191980098312 301.7402450259524 601.6747088344002 38.88777755551111 20.484096819363874 12.08241648329666 7.7615523104620925 3.499322674980243 1.3919815197522192 2.0 0.3890020576131687 0.994480452674897 15.127425485097021 77.78295659131827 4.751350270054012 38.67313462692539 4.552961635670273 2.7917522768175393 3.161172109423219 0.46083847736625516 1.3010045084079345 17.92098419683937 122.95879175835168 5.310062012402481 52.24184836967394 4.964594706971436 3.262081081016777
3.7 20 5.778304506761502 58.50213311220351 335.26693891772646 742.8082825116053 42.608521704340866 22.304460892178437 13.002600520104021 8.201640328065613 3.5779787335950113 1.405523680272791 2.0 0.39127699530516435 0.9956995305164319 16.671734346869375 85.24804960992199 5.192438487697539 42.4252850570114 4.561267043391824 2.7770046626258758 3.2853296199943043 0.4685868544600939 1.3239064550785788 19.965793158631726 139.9493898779756 5.891178235647129 58.29665933186637 4.977207530098059 3.277940377997518
3.9 10 2.8037130574812923 30.110493193671658 181.96189811084912 127.69494532814446 22.924584916983395 12.54250850170034 7.981596319263852 5.521104220844169 3.091377677830767 1.3095853840032736 2.0 0.3723647469458988 0.980279232111693 8.53630726145229 45.85897179435887 2.6149229845969195 22.47249449889978 4.670961901758916 2.880367231084117 2.9516721052518085 0.4349825479930192 1.251428242941863 9.971794358871774 67.69033806761352 2.8541708341668333 29.59011802360472 5.078333667420415 3.290478670284843
3.9 12 3.364455668977551 36.132591832406014 218.35427773302132 183.88072127252804 26.2252450490098 14.282856571314262 8.821764352870574 5.94118823764753 3.2242312118643595 1.3195223995695493 2.0 0.375675057208238 0.9732189168573608 9.852170434086817 52.43828765753151 3.033606721344269 25.522904580916183 4.6248540947256815 2.8347949768351546 3.564317819671008 0.45778032036613275 1.3382402427245332 12.005401080216043 93.46929385877176 3.4522904580916185 36.289057811562316 5.1083418233584545 3.413558303923654
3.9 14 3.9251982804738095 42.15469047114032 254.7466573551888 250.28209284316316 31.12622524504901 16.163232646529305 9.681936387277457 6.40128025605121 3.434298071668821 1.42299115939542 2.0 0.3834318766066838 1.0065488431876608 11.934786957391479 62.21884376875376 3.6339267853570716 31.330066013202643 4.677925684259075 2.8538137441933364 2.848658496608228 0.4475385604113111 1.2741375900131036 13.930186037207443 88.6379275855171 4.033006601320264 40.90798159631927 5.030895595122676 3.224608654323158
3.9 16 4.485940891970068 48.176789109874655 291.1390369773586 326.89906004004985 34.40688137627526 17.923584716943388 10.562112422484498 6.881376275255051 3.494850021680094 1.416102186227119 2.0 0.3839883720930232 0.9987267441860465 13.211842368473695 68.84356871374275 4.033006601320264 34.363072614522906 4.652315284876564 2.8306031094264696 3.1915845681504607 0.46286046511627904 1.336735424254522 15.925585117023406 109.78915783156633 4.5917183436687345 47.45289057811563 5.071437159652091 3.3107024405628716
3.9 18 5.0466835034663236 54.19888774860902 327.5314165995284 413.73162286318797 37.00740148029606 19.50390078015603 11.40228045609122 7.401480296059212 3.494850021680094 1.3908355635223852 2.0 0.38306486486486485 0.9791675675675675 14.17623524704941 73.96839367873575 4.393878775755152 36.23644728945789 4.581487704712564 2.793174276728523 4.567355708247463 0.48556216216216214 1.4448471695838712 17.969393878775755 168.99699939987997 5.092618523704741 55.40188037607522 5.182916799099165 3.5424016097590902
3.9 20 5.607426114962585 60.220986387343316 363.92379622169824 510.7797813125778 42.50850170034007 21.504300860172034 12.30246049209842 7.801560312062413 3.681471636799156 1.4797523506735313 2.0 0.38984941176470594 1.0097835294117647 16.571914382876578 85.04840968193639 5.092618523704741 42.924384876975395 4.628814674360536 2.81523161627001 3.100038268074634 0.46734117647058826 1.3424669688469892 19.86597319463893 131.7641528305661 5.691538307661532 58.89557911582317 5.074265166256949 3.2719631149617863
4.1 10 2.72275735250022 30.973247483806247 197.12500047748824 87.69877653796878 23.76475295059012 12.302460492098419 7.741548309661932 5.341068213642728 3.2415258964029974 1.4297066243487901 2.0 0.37430134680134675 1.023644781144781 8.89517903580716 47.53370674134827 2.6149229845969195 24.326665333066614 4.843118390324877 2.9542546994390992 2.458064330809133 0.41708754208754206 1.1911150497677336 9.911982396479296 58.419483896779354 2.794358871774355 29.171434286857373 5.09337801113978 3.16162747069255
4.1 12 3.2673088230002643 37.16789698056749 236.55000057298676 126.28623821467507 27.045409081816363 13.922784556911383 8.561712342468494 5.6811362272454495 3.3882917577928975 1.441837259975275 2.0 0.3763609467455622 1.0138165680473374 10.178835767153432 54.077615523104626 2.9953990798159635 27.419083816763354 4.80799123554741 2.9119597372288526 2.758614556516586 0.44128698224852075 1.27539212781237 11.934786957391479 74.59031806361273 3.3146629325865176 35.560312062412486 5.152630959173611 3.2356744010609457
4.1 14 3.811860293500313 43.36254647732878 275.97500066848454 171.88960201441884 28.72574514902981 15.363072614522906 9.281856371274255 6.08121624324865 3.3714042814876386 1.358966099373848 2.0 0.3737952646239554 0.9684052924791087 10.737547509501901 57.42988597719545 3.3146629325865176 27.81816363272655 4.6194454287356566 2.831267902338552 6.509668398449068 0.4877158774373259 1.505232585153572 14.010002000400082 186.97119423884777 3.873374674934987 44.898779755951196 5.320725146742334 3.7311259186882233
4.1 16 4.356411764000352 49.55719597408999 315.4000007639812 224.50886793720008 34.90698139627926 17.30346069213843 10.102020404080816 6.501300260052011 3.6495603515816217 1.5238966191519223 2.0 0.3832378223495702 1.0209283667621778 13.377675535107022 69.77595519103821 3.994598919783957 35.637527505501104 4.752171926416098 2.885013736645905 2.8381483605441837 0.4547277936962751 1.3159494915923229 15.873174634926986 99.02320464092818 4.393878775755152 47.41628325665133 5.16539718894932 3.236847051480807
4.1 18 4.900963234500402 55.75184547085128 354.82500085948016 284.14403598301885 40.10802160432087 19.103820764152832 10.902180436087217 7.001400280056012 3.790231663029627 1.610555026862274 2.0 0.3882942643391521 1.0453316708229425 15.57371474294859 80.25705141028206 4.593518703740749 41.92618523704741 4.801699298638407 2.892129638265732 2.560031815149974 0.4455361596009975 1.2610077931957646 17.869573914782958 102.71654330866174 4.992798559711943 52.107821564312864 5.09279436503208 3.128176840395706
4.1 20 5.44551470500044 61.946494967612495 394.2500009549765 350.79510615187513 41.04820964192839 20.524104820964194 11.642328465693138 7.441488297659532 3.708172082789406 1.505149978319906 2.0 0.38633040935672514 1.005180311890838 15.858171634326865 82.12082416483297 4.714542908581716 41.260852170434084 4.710493002867777 2.826177706810502 3.562997764653146 0.48557992202729044 1.4442703365764455 19.93218643728746 146.2266453290658 5.553310662132427 61.27145429085817 5.213531095814165 3.411331467803811
