docs/data/no_psf_corr.ecsv
# %ECSV 1.0
# ---
# datatype:
# - {name: n, datatype: float64}
# - {name: r_eff, datatype: int64}
# - {name: sersic_r_20, datatype: float64}
# - {name: sersic_r_80, datatype: float64}
# - {name: sersic_r_99, datatype: float64}
# - {name: sersic_L_inf, datatype: float64}
# - {name: p02, datatype: float64}
# - {name: p03, datatype: float64}
# - {name: p04, datatype: float64}
# - {name: p05, datatype: float64}
# - {name: p0502, datatype: float64}
# - {name: p0302, datatype: float64}
# - {name: u_epsilon, datatype: float64}
# - {name: u_epsilon_50, datatype: float64}
# - {name: u_epsilon_80, datatype: float64}
# - {name: u_r_50, datatype: float64}
# - {name: u_r_99, datatype: float64}
# - {name: u_r_20, datatype: float64}
# - {name: u_r_80, datatype: float64}
# - {name: u_c2080, datatype: float64}
# - {name: u_c5090, datatype: float64}
# - {name: c_epsilon, datatype: float64}
# - {name: c_epsilon_50, datatype: float64}
# - {name: c_epsilon_80, datatype: float64}
# - {name: c_r_50, datatype: float64}
# - {name: c_r_99, datatype: float64}
# - {name: c_r_20, datatype: float64}
# - {name: c_r_80, datatype: float64}
# - {name: c_c2080, datatype: float64}
# - {name: c_c5090, datatype: float64}
# schema: astropy-2.0
n r_eff sersic_r_20 sersic_r_80 sersic_r_99 sersic_L_inf p02 p03 p04 p05 p0502 p0302 u_epsilon u_epsilon_50 u_epsilon_80 u_r_50 u_r_99 u_r_20 u_r_80 u_c2080 u_c5090 c_epsilon c_epsilon_50 c_epsilon_80 c_r_50 c_r_99 c_r_20 c_r_80 c_c2080 c_c5090
[from data line 314]
3.9 24 6.728911337955102 72.26518366481203 436.70855546604264 735.5228850901121 47.6495299059812 24.724944988997798 13.922784556911383 8.641728345669133 3.7072900516592333 1.4246164319698085 2.0 0.38813182199832075 0.9815994962216625 18.494298859771956 95.30146029205841 5.792958591718344 46.772754550910186 4.535462615332825 2.7646485419498696 9.435120575720713 0.5038077246011755 1.518538844737028 24.00620124024805 449.62092418483695 6.871374274854971 75.17103420684137 5.195034603446911 3.682901486731034
4.0 8 2.210159384362301 24.433141007295344 151.54949585386095 67.73723463121607 17.96999399879976 10.443088617723545 6.896379275855171 5.044208841768354 2.758774365082833 1.1785948436381357 2.0 0.3567436993498975 0.9305703980764093 6.410682136427285 35.93418683736747 2.019403880776155 16.72234446889378 4.5903698941611175 2.871434348792836 9.201927921927949 0.4483814231008994 1.3731122320430522 8.057411482296459 165.35927185437086 2.3330666133226643 25.583316663332663 5.200148537858142 3.7346600833632597
4.0 10 2.7626992304528764 30.541426259119202 189.43686981732796 105.83942911127511 21.664332866573314 12.242448489697939 7.861572314462893 5.4010802160432085 3.0163234623316653 1.239385172398796 2.0 0.3664173591874423 0.9461957525392429 7.938187637527506 43.346869373874775 2.435487097419484 20.49869973994799 4.625702404565692 2.8350685083525944 9.332889520588735 0.4658079409048938 1.4190871651667814 10.091418283656731 202.20744148829766 2.8541708341668333 31.922784556911385 5.24310401502729 3.7245429446722196
4.0 12 3.3152390765434516 36.64971151094304 227.32424378079355 152.40877792023616 25.3250650130026 13.922784556911383 8.701740348069613 5.821164232846569 3.192703583477145 1.2991223303538706 2.0 0.3724960505529226 0.9558530805687204 9.433486697339468 50.643928785757154 2.9139827965593117 24.207041408281658 4.597273648063032 2.815400587669143 9.968440980319695 0.47641390205371253 1.4540129497505798 12.065213042608523 252.4494898979796 3.39247849569914 38.38247649529906 5.268079446057862 3.741117570114576
4.0 14 3.867778922634027 42.75799676276688 265.2116177442591 207.44528105809925 28.965793158631726 15.683136627325466 9.441888377675536 6.241248249649931 3.333069839213426 1.3322624958834481 2.0 0.37620856353591164 0.9631353591160222 10.897179435887178 57.908781756351274 3.394478895779156 27.897979595919185 4.573998196935424 2.807969507210106 9.799326450450254 0.4864295580110498 1.4813674643035817 14.08981796359272 283.86777355471094 3.9531906381276256 44.65933186637328 5.264822316203123 3.7320640568419217
4.0 16 4.420318768724602 48.86628201459069 303.0989917077219 270.9489385248643 32.56651330266053 17.36347269453891 10.322064412882577 6.7213442688537715 3.4265756158166916 1.3656733768834521 2.0 0.37872850122850127 0.9718366093366094 12.333866773354671 65.17203440688138 3.7935587117423486 31.649329865973197 4.606588544634703 2.801812792483094 9.690117568250916 0.493918918918919 1.504595582566258 16.085217043408683 315.5547109421885 4.511902380476096 50.884976995399086 5.261149439160178 3.721550064858893
4.0 18 4.972858614815177 54.974567266414525 340.9863656711871 342.91975032053136 36.20724144828966 19.103820764152832 11.102220444088818 7.201440288057611 3.5068803705094864 1.3883760164271908 2.0 0.3832596685082873 0.9759944751381215 13.876775355071015 72.37127425485097 4.294058811762353 35.3380676135227 4.576874045426948 2.7839110568678613 9.903640903263852 0.4990497237569061 1.5217492166133768 18.069213842768555 358.55511102220447 5.092618523704741 57.29845969193839 5.2560090097000085 3.7287322703420993
4.0 20 5.525398460905753 61.082852518238404 378.8737396346559 423.35771644510044 39.90798159631927 20.804160832166435 12.00240048009602 7.601520304060812 3.6007965170297846 1.4145478036199335 2.0 0.3852380952380952 0.9780350877192981 15.374074814962993 79.85777155431086 4.693338667733547 39.03140628125625 4.599661526329919 2.775838571462818 9.767422083803638 0.502796992481203 1.5334928256110039 20.065613122624526 389.7987597519504 5.591718343668734 63.5871174234847 5.279119249611344 3.7241257995368904
4.0 22 6.077938306996328 67.19113777006224 416.7611135981215 512.2628368985715 43.56871374274855 22.444488897779557 12.72254450890178 8.041608321664333 3.6691591116764304 1.4403250924980675 2.0 0.3859825528007346 0.9827823691460056 16.816763352670534 87.15343068613723 5.193838767753551 42.81856371274255 4.580718158556211 2.7776474423464763 9.845155118588517 0.5069926538108356 1.5446833290708761 22.08901780356071 428.89137827565514 6.152430486097219 69.8987797559512 5.277114393615086 3.7219479840090433
4.0 24 6.630478153086903 73.29942302188608 454.6484875615871 609.6351116809446 47.169433886777355 24.124824964993 13.562712542508502 8.401680336067214 3.746472551805849 1.455982464774689 2.0 0.38700169635284143 0.983969465648855 18.25465093018604 94.34286857371474 5.6731346269253855 46.41328265653131 4.564095979728401 2.7731879183841017 9.915696089825758 0.5089355385920271 1.5561329494175744 24.00620124024805 467.71434286857374 6.7515503100620124 76.249449889978 5.264166032782339 3.7300944942961634
