docs/data/no_psf_corr.ecsv
# %ECSV 1.0
# ---
# datatype:
# - {name: n, datatype: float64}
# - {name: r_eff, datatype: int64}
# - {name: sersic_r_20, datatype: float64}
# - {name: sersic_r_80, datatype: float64}
# - {name: sersic_r_99, datatype: float64}
# - {name: sersic_L_inf, datatype: float64}
# - {name: p02, datatype: float64}
# - {name: p03, datatype: float64}
# - {name: p04, datatype: float64}
# - {name: p05, datatype: float64}
# - {name: p0502, datatype: float64}
# - {name: p0302, datatype: float64}
# - {name: u_epsilon, datatype: float64}
# - {name: u_epsilon_50, datatype: float64}
# - {name: u_epsilon_80, datatype: float64}
# - {name: u_r_50, datatype: float64}
# - {name: u_r_99, datatype: float64}
# - {name: u_r_20, datatype: float64}
# - {name: u_r_80, datatype: float64}
# - {name: u_c2080, datatype: float64}
# - {name: u_c5090, datatype: float64}
# - {name: c_epsilon, datatype: float64}
# - {name: c_epsilon_50, datatype: float64}
# - {name: c_epsilon_80, datatype: float64}
# - {name: c_r_50, datatype: float64}
# - {name: c_r_99, datatype: float64}
# - {name: c_r_20, datatype: float64}
# - {name: c_r_80, datatype: float64}
# - {name: c_c2080, datatype: float64}
# - {name: c_c5090, datatype: float64}
# schema: astropy-2.0
n r_eff sersic_r_20 sersic_r_80 sersic_r_99 sersic_L_inf p02 p03 p04 p05 p0502 p0302 u_epsilon u_epsilon_50 u_epsilon_80 u_r_50 u_r_99 u_r_20 u_r_80 u_c2080 u_c5090 c_epsilon c_epsilon_50 c_epsilon_80 c_r_50 c_r_99 c_r_20 c_r_80 c_c2080 c_c5090
[from data line 251]
3.2 24 7.50075177087151 65.07290568984115 324.5653732491582 2710.776836860936 51.110222044408886 28.905781156231246 17.20344068813763 10.702140428085617 3.395185612247516 1.2376152868908248 2.0 0.39650097847358123 0.9589745596868885 20.265253050610124 102.21744348869774 6.789557911582317 49.01340268053611 4.292366784004109 2.662913956917896 6.567252263852023 0.4707162426614481 1.2737749493562347 24.05841168233647 335.6963392678536 7.588117623524705 67.48009601920384 4.745208188062565 3.3203114396438544
3.3 8 2.460195980872592 22.032152058160786 113.07264657217824 250.2827658171286 18.907981596319264 11.615323064612923 7.880776155231046 5.616523304660932 2.635888028382473 1.0580693864888093 2.0 0.36644766771405296 0.9101575311306481 6.92878575715143 37.82856571314263 2.314262852570514 17.209241848369672 4.356745268115029 2.7589624337703516 6.194236332193068 0.4251436188783445 1.1720081926556736 8.03860772154431 117.12242448489697 2.5479095819163833 22.875175035007 4.765902069021562 3.369890871835157
3.3 10 3.0752449760907403 27.540190072700984 141.3408082152228 391.0668215892633 22.879575915183036 13.727745549109823 9.005401080216043 6.223244648929786 2.8271554798290066 1.1092437480817816 2.0 0.37468852459016394 0.9252633879781422 8.572714542908582 45.74454890978196 2.8567713542708546 21.16963392678536 4.3491893285020495 2.736961427485025 6.3199826989085315 0.4383387978142077 1.2080903762878614 10.029005801160233 144.59031806361273 3.1480296059211845 28.560312062412486 4.788620701769558 3.370148579746466
3.3 12 3.690293971308888 33.04822808724118 169.60896985826736 563.1362230885393 26.825365073014602 15.783156631326266 10.082016403280656 6.901380276055211 2.948048413891624 1.151758873210893 2.0 0.3806487695749441 0.9358389261744967 10.211042208441688 53.63452690538108 3.39247849569914 25.104220844168836 4.346148216807403 2.717439463809118 6.424446748858723 0.4475391498881432 1.234554729663526 12.005401080216043 172.36127225445088 3.7513502700540107 34.255451090218045 4.802710369979836 3.3727450263211924
3.3 14 4.305342966527037 38.556266101781375 197.87713150131194 766.4909703149561 30.78615723144629 17.883576715343068 11.222244448889779 7.561512302460492 3.048734099971267 1.1795055051778052 2.0 0.3841325536062378 0.943664717348928 11.825965193038607 61.58951790358072 3.9307861572314464 29.051810362072416 4.343468913245533 2.709967797244116 6.540188564194885 0.4560168940870696 1.2546040757575985 14.039007801560313 201.37007401480295 4.409281856371274 39.9375875175035 4.785069829479531 3.3674451352485835
3.3 16 4.920391961745184 44.06430411632157 226.1452931443565 1001.1310632685144 34.746949389877976 19.983996799359872 12.362472494498899 8.161632326465293 3.1456982767860935 1.2011716511055817 2.0 0.3868221070811744 0.949706390328152 13.440888177635527 69.48469693938787 4.469093818763753 32.999399879975996 4.341432850763781 2.7042743383640087 7.012353805699445 0.4625618883131836 1.2700606459338937 16.07261452290458 243.65713142628528 5.00740148029606 45.85897179435887 4.80905949892737 3.380580017014583
3.3 18 5.535440956963332 49.57234213086177 254.41345478740104 1267.0565019492133 38.72774554910983 22.004400880176036 13.442688537707543 8.721744348869775 3.2370943185189445 1.2275633390707494 2.0 0.3906095041322314 0.9532489669421487 15.127425485097021 77.46369273854772 4.990798159631927 36.91718343668734 4.345292766226504 2.6912675598175784 7.00928969467482 0.46686466942148763 1.2814951636419998 18.080616123224647 271.41648329665935 5.629325865173035 51.60332066413283 4.811106299367894 3.382492932223609
3.3 20 6.150489952181481 55.08038014540197 282.6816164304456 1564.2672863570533 42.728545709141834 24.08481696339268 14.482896579315863 9.281856371274255 3.31541633900819 1.2448738071735654 2.0 0.3913951310861423 0.9573923220973782 16.72374474894979 85.44528905781156 5.549509901980397 40.90798159631927 4.337767106267412 2.691060323214896 6.81538150775652 0.46985018726591754 1.290069802833061 20.07601520304061 291.2108421684337 6.267853570714143 57.110622124424886 4.797990245757911 3.370282010316351
3.3 22 6.765538947399628 60.588418159942165 310.94977807349017 1892.7634164920344 46.70934186837368 26.205241048209643 15.603120624124825 9.801960392078415 3.3904540243680863 1.2550779462318333 2.0 0.393254817987152 0.9595717344753747 18.36867373474695 93.43328665733146 6.0908181636327265 44.82096419283857 4.334027803466599 2.6862061057448967 6.818685195819603 0.4723254817987152 1.2980708652609794 22.062012402480498 318.5273054610922 6.889377875575115 62.78855771154231 4.798502505777876 3.3693205143498735
3.3 24 7.380587942617776 66.09645617448236 339.2179397165347 2252.544892354157 50.61012202440488 28.205641128225647 16.703340668133627 10.402080416083217 3.435585887705094 1.2695070426021897 2.0 0.394501976284585 0.9625335968379448 19.965793158631726 101.21924384876976 6.589917983596719 48.713942788557716 4.343866361131855 2.682653322404949 6.957783425763775 0.4753675889328064 1.3068713543146524 24.05841168233647 352.16663332666536 7.488297659531907 68.57811562312463 4.809012241086941 3.374310895052987
3.4 8 2.421331944797633 22.373669491294102 118.10326223649177 207.88607418763223 18.761552310462093 11.446689337867573 7.743348669733947 5.509101820364073 2.6609398470755448 1.0729443615896745 2.0 0.3644670483745428 0.9138704965401059 6.837967593518703 37.51770354070814 2.277055411082216 17.145629125825163 4.383899131225071 2.782292308676441 6.555651429350071 0.429293413939801 1.199630133366888 8.054210842168434 122.98919783956791 2.5203040608121623 23.257251450290056 4.825527245888039 3.420547388291024
3.4 10 3.026664930997041 27.967086864117615 147.62907779561348 324.82199091817535 22.695339067813563 13.487297459491899 8.787757551510303 6.0750150030006 2.8619466033037106 1.130058697966855 2.0 0.37230066811218643 0.928296930914732 8.449489897979596 45.39287857571514 2.786357271454291 21.068013602720544 4.392933942288838 2.7596769948330198 6.679046954065435 0.44263754473178557 1.2373681896807458 10.045809161832366 151.5861172234447 3.128425685137027 29.011602320464092 4.836229363999712 3.420910158561572
3.4 12 3.6319979171964496 33.560504236941156 177.15489335473765 467.7436669221725 26.64532906581316 15.543108621724345 9.841968393678735 6.721344268853771 2.990824737222191 1.1704160301668398 2.0 0.37873123123123126 0.9376726726726728 10.091418283656731 53.275655131026205 3.332666533306661 24.98459691938388 4.374402434862784 2.7393867094793576 6.773295790538595 0.45056306306306304 1.263073101088686 12.005401080216043 180.49569913982796 3.6915383076615322 34.79375875175035 4.871469841837401 3.4269940261991243
3.4 14 4.237330903395858 39.15392160976468 206.6807089138606 636.6511021996237 30.546109221844368 17.523504700940187 10.922184436887378 7.381476295259052 3.084063354486804 1.2066746544417026 2.0 0.38323510150622137 0.9471643745907008 11.70634126825365 61.11102220444089 3.870974194838968 28.93218643728746 4.3678048941010506 2.7257298729457604 7.12366776983441 0.459600523903078 1.2841609216835803 14.039007801560313 217.57911582316464 4.349469893978796 40.71514302860572 4.856598178321672 3.4312472438491772
3.4 16 4.842663889595266 44.747338982588204 236.20652447298355 831.5442967505289 34.4868973794759 19.60392078415683 12.00240048009602 7.921584316863373 3.1942103778159088 1.226555928980996 2.0 0.3854118329466357 0.9524361948955916 13.291658331666333 69.00320064012803 4.352270454090819 32.84656931386277 4.388870705217166 2.722864509048344 7.398744446214344 0.46641531322505797 1.2993442643791229 16.085217043408683 255.1340268053611 4.910982196439289 46.65473094618924 4.888636647630637 3.43561598793624
3.4 18 5.447996875794674 50.34075635541173 265.7323400321065 1052.423250574888 38.407681536307265 21.604320864172834 13.042608521704341 8.481696339267854 3.279676860554085 1.2493873660829997 2.0 0.38763020833333334 0.9570364583333334 14.887977595519105 76.82516503300661 4.910982196439289 36.757551510302065 4.370891073990992 2.7159384248813563 7.299166348455019 0.47075520833333334 1.312362810230155 18.080616123224647 280.3558711742349 5.549509901980397 52.40148029605922 4.875444624770942 3.4304157568866396
3.4 20 6.053329861994082 55.93417372823523 295.25815559122697 1299.2879636727014 42.32846569313863 23.604720944188838 14.082816563312663 8.961792358471694 3.371188246825021 1.268168280285114 2.0 0.39132325141776936 0.9607844990548203 16.564112822564514 84.64712942588518 5.38987797559512 40.66853370674135 4.388397906234358 2.699848870435302 7.0533524695299645 0.4724054820415879 1.3228500227764566 19.99619923984797 298.55391078215644 6.108221644328866 57.908781756351274 4.884148205363096 3.4241718711798623
3.4 22 6.65866284819349 61.52759110105875 324.7839711503508 1572.138436043969 46.20924184836967 25.60512102420484 15.103020604120823 9.501900380076016 3.4345918513363882 1.2820100512213797 2.0 0.3931904761904762 0.9634761904761905 18.16903380676135 92.43508701740349 5.990998199639928 44.52150430086017 4.355353204265309 2.6961927921259656 7.283217119898156 0.4774372294372295 1.3326330087358826 22.062012402480498 336.5947189437888 6.789557911582317 63.88657731546309 4.8678406235189815 3.4268453446893163
3.4 24 7.263995834392899 67.12100847388231 354.3097867094753 1870.97466768869 50.11002200440088 27.605521104220845 16.203240648129626 10.002000400080016 3.4991886293362287 1.29464321901014 2.0 0.39445508982035926 0.9681556886227545 19.76615323064613 100.22104420884178 6.490098019603921 48.514302860572116 4.368092695365004 2.691814021887282 7.320792462208008 0.4801117764471058 1.340310534254317 24.05841168233647 366.84016803360674 7.388477695539108 69.6761352270454 4.872645433798793 3.4270000286838362
3.5 8 2.3836003290572667 22.71558575879684 123.28358985669652 172.60165865344013 18.64752950590118 11.272254450890177 7.600720144028805 5.410682136427285 2.686846410007867 1.093052596885803 2.0 0.3625762988232013 0.9169697164741094 6.761152230446089 37.29525905181036 2.2162432486497297 17.099219843968793 4.43679435217795 2.8007474542729445 6.926842888102217 0.43123183042083696 1.225211418349149 8.04140828165633 129.15363072614522 2.4722944588917786 23.62852570514103 4.901682146587472 3.4775386317948493
3.5 10 2.979500411321588 28.39448219849605 154.10448732087065 269.69009164600016 22.531306261252247 13.256051210242047 8.638327665533106 5.93138627725545 2.898150813879987 1.1518609884097577 2.0 0.3713532325940658 0.932125290764778 8.367073414682936 45.04400880176035 2.742748549709942 21.002000400080014 4.42037334165004 2.7722315381768103 7.050972446734061 0.4451852904096455 1.2655972991955997 10.030606121224245 158.87717543508703 3.0596119223844767 29.478095619123824 4.91916539344378 3.4759211642896854
3.5 12 3.5754004935859003 34.073378638195265 184.92538478504414 388.3537319702403 26.40528105621124 15.243048609721944 9.661932386477295 6.541308261652331 3.0301308927278185 1.1930947993312468 2.0 0.3776439393939394 0.9416666666666668 9.971794358871774 52.79715943188638 3.2130426085217043 24.864972994598922 4.443357535355343 2.7543181670485417 7.155385554423063 0.4569242424242425 1.2944875940685336 12.065213042608523 188.92918583716744 3.631726345269054 35.33206641328266 4.940279608038519 3.469129107251753
3.5 14 4.171300575850217 39.752275077894474 215.74628224921892 528.5925796261604 30.306061212242447 17.223444688937786 10.682136427285457 7.141428285657131 3.138722083630653 1.2270474069233455 2.0 0.38232343234323435 0.9507194719471949 11.586717343468694 60.632526505301065 3.7513502700540107 28.812562512502502 4.426971340608686 2.7385266408136766 7.649311176821765 0.4632409240924093 1.3147852142662833 14.039007801560313 231.81436287257452 4.2896579315863175 41.432886577315465 4.924612646521317 3.4876660204636627
3.5 16 4.767200658114533 45.43117151759368 246.56717971339305 690.4066346137605 34.16683336667334 19.203840768153633 11.682336467293458 7.681536307261453 3.2407832099272778 1.251083166567089 2.0 0.3843501170960187 0.9566861826697892 13.132026405281056 68.36467293458692 4.2724544908981805 32.6869373874775 4.418483928552439 2.734165257407797 7.769893773543861 0.47078454332552694 1.3319976424641666 16.085217043408683 265.5101020204041 4.83116623324665 47.37307461492299 4.957397955610738 3.488126178301674
3.5 18 5.36310074037885 51.11006795729289 277.3880771775672 873.7958969330405 38.087617523504704 21.124224844968996 12.72254450890178 8.241648329665933 3.323848640076605 1.2800151292533104 2.0 0.38669642857142855 0.9608876050420168 14.728345669133828 76.1866373274655 4.751350270054012 36.597919583916784 4.433196753518463 2.729325362174472 7.574135727361297 0.47471113445378155 1.3435894014068552 18.080616123224647 288.497099419884 5.469693938787758 53.119823964792964 4.936468007165012 3.4773037562417386
3.5 20 5.959000822643176 56.7889643969921 308.2089746417413 1078.7603665840006 41.92838567713543 23.124624924985 13.682736547309462 8.721744348869775 3.4095239452155153 1.2921672211358939 2.0 0.3893463740458016 0.9642414122137404 16.3246649329866 83.8489697939588 5.310062012402481 40.42908581716343 4.407971641247756 2.7193630752145914 7.5344670155942595 0.4769131679389313 1.355804821583197 19.99619923984797 315.873974794959 6.028405681136228 58.866573314662936 4.948331426826775 3.4789907960613293
3.5 22 6.554900904907483 62.467860836691315 339.02987210591425 1305.3000435666409 45.80916183236647 25.00500100020004 14.702940588117624 9.201840368073615 3.4853882532915694 1.3146273466591576 2.0 0.39226637554585153 0.9675327510917032 17.969393878775755 91.6365273054611 5.791358271654331 44.32186437287458 4.419187939277535 2.709820070081638 7.697192064032531 0.4816069868995634 1.3649276391577114 22.062012402480498 352.56591318263656 6.689737947589518 64.88477695539109 4.93366855138152 3.4789302617085713
3.5 24 7.150800987171801 68.14675727639053 369.8507695700883 1553.4149278809612 49.70994198839768 27.005401080216043 15.703140628125626 9.701940388077615 3.5479232723354364 1.324963122871724 2.0 0.3936136820925553 0.9699235412474849 19.566513302660532 99.42248449689939 6.290458091618324 48.21484296859372 4.422492416540248 2.7043129014045615 7.646961907768215 0.4839758551307847 1.3720211025314817 24.05841168233647 380.11622324464895 7.2886577315463095 70.6743348669734 4.933070866406648 3.476624583618007
3.6 8 2.346947066801164 23.05796144740695 128.61696512362326 143.25149214823185 18.507301460292055 11.091018203640727 7.449689937987597 5.311662332466493 2.710563202039891 1.111858405121967 2.0 0.3626429451566182 0.9188590328368537 6.711542308461692 37.029205841168235 2.162232446489298 17.005601120224046 4.47844804025514 2.809687743047662 7.3302626366308665 0.43441276292180986 1.2539914169777813 8.039807961592318 135.65293058611724 2.427885577115423 24.012202440488096 4.976018904661881 3.531388537552868
3.6 10 2.933683833501455 28.822451809258688 160.77120640452907 223.83045648161232 22.384476895379077 13.022604520904181 8.461692338467694 5.821164232846569 2.9246854877122135 1.1762454898007904 2.0 0.3706613047363717 0.9344593386952635 8.297059411882376 44.78235647129426 2.674734946989398 20.91738347669534 4.466133031555629 2.7829488455747002 7.437791452624304 0.4481501340482573 1.2928844758937739 10.031606321264253 166.499699939988 3.033606721344269 29.948989797959594 4.97211449998742 3.528569695273847
