docs/data/no_psf_corr.ecsv
# %ECSV 1.0
# ---
# datatype:
# - {name: n, datatype: float64}
# - {name: r_eff, datatype: int64}
# - {name: sersic_r_20, datatype: float64}
# - {name: sersic_r_80, datatype: float64}
# - {name: sersic_r_99, datatype: float64}
# - {name: sersic_L_inf, datatype: float64}
# - {name: p02, datatype: float64}
# - {name: p03, datatype: float64}
# - {name: p04, datatype: float64}
# - {name: p05, datatype: float64}
# - {name: p0502, datatype: float64}
# - {name: p0302, datatype: float64}
# - {name: u_epsilon, datatype: float64}
# - {name: u_epsilon_50, datatype: float64}
# - {name: u_epsilon_80, datatype: float64}
# - {name: u_r_50, datatype: float64}
# - {name: u_r_99, datatype: float64}
# - {name: u_r_20, datatype: float64}
# - {name: u_r_80, datatype: float64}
# - {name: u_c2080, datatype: float64}
# - {name: u_c5090, datatype: float64}
# - {name: c_epsilon, datatype: float64}
# - {name: c_epsilon_50, datatype: float64}
# - {name: c_epsilon_80, datatype: float64}
# - {name: c_r_50, datatype: float64}
# - {name: c_r_99, datatype: float64}
# - {name: c_r_20, datatype: float64}
# - {name: c_r_80, datatype: float64}
# - {name: c_c2080, datatype: float64}
# - {name: c_c5090, datatype: float64}
# schema: astropy-2.0
n r_eff sersic_r_20 sersic_r_80 sersic_r_99 sersic_L_inf p02 p03 p04 p05 p0502 p0302 u_epsilon u_epsilon_50 u_epsilon_80 u_r_50 u_r_99 u_r_20 u_r_80 u_c2080 u_c5090 c_epsilon c_epsilon_50 c_epsilon_80 c_r_50 c_r_99 c_r_20 c_r_80 c_c2080 c_c5090
0.5 10 5.6420373820736645 15.051061645349122 25.77567882670543 45323.60141827192 21.071414282856573 18.807161432286456 16.89717943588718 15.14122824564913 0.7176628977598092 0.24685216719607506 2.0 0.47891509075719596 0.7336048454469506 10.091418283656731 42.13942788557711 5.712942588517703 15.458091618323664 2.1614800864342634 1.3301751364220185 1.2315957569010518 0.47530758714969235 0.7156543093689457 10.015403080616123 25.948189637927584 5.68253650730146 15.260452090418083 2.1451258262543647 1.3054283186502547
0.5 12 6.770444858488399 18.061273974418945 30.93081459204655 65265.986042311575 24.98479695939188 22.250050010002 19.943188637727545 17.82236447289458 0.7335525179508545 0.25172416508161677 2.0 0.48419122651102087 0.7419995356247847 12.097419483896779 49.972194438887776 6.852370474094819 18.538707741548308 2.1611931142309952 1.332755813149902 1.239092706632848 0.4805082506665385 0.7258188751588005 12.005401080216043 30.961192238447687 6.815563112622525 18.299459891978394 2.144682639897236 1.3041646546460681
0.5 14 7.898852334903131 21.071486303488772 36.08595035738764 88834.25877981297 28.890778155631125 25.70734146829366 23.00360072014403 20.517903580716144 0.7431312742278484 0.25351036588868736 2.0 0.4885234550804916 0.7480076164099013 14.11382276455291 57.776155231046204 7.999799959991998 21.610522104420884 2.15793066063018 1.3317331006780353 1.2534937136475803 0.4847844902198373 0.7301057876925361 14.005801160232046 36.21504300860172 7.956591318263652 21.35127025405081 2.143483330524117 1.304777951052913
0.5 16 9.027259811317863 24.081698632558595 41.24108612272873 116028.41963077612 32.79835967193439 29.156831366273256 26.056611322264455 23.202440488097622 0.7515922833826543 0.2555589953386828 2.0 0.4918241755560841 0.75299922541611 16.13102620524105 65.5997199439888 9.126825365073016 24.697139427885578 2.1616345642307837 1.330828871027264 1.2585430334419032 0.48810373325038575 0.7358897106483774 16.009001800360075 41.26805361072215 9.078015603120624 24.404280856171233 2.147375447768879 1.3041734539004821
0.5 18 10.155667287732598 27.091910961628418 46.396221888069825 146848.46859520103 36.73114622924585 32.58811762352471 29.1124224844969 25.91478295659132 0.7574345263027293 0.2598760296622767 2.0 0.4939412588021937 0.7562343766167988 18.143028605721145 73.46449289857972 10.275455091018204 27.777355471094218 2.159449155424295 1.3311369277126774 1.2648739317037818 0.4901834777446778 0.7380485405112869 18.00500100020004 46.46629325865173 10.220244048809763 27.446089217843568 2.1450960216290453 1.3043334895423233
0.5 20 11.284074764147329 30.102123290698245 51.55135765341086 181294.4056730877 40.6491298259652 36.06021204240848 32.15343068613723 28.587717543508703 0.7643588531822748 0.26011488480817985 2.0 0.49598681134814593 0.7597204793189144 20.16143228645729 81.3116623324665 11.4124824964993 30.881976395279057 2.161624811105426 1.331744278818439 1.2695656175818342 0.4921975345094855 0.74159724603512 20.00740148029606 51.614522904580916 11.350870174034807 30.481496299259852 2.1450356286456427 1.3030043101222772
0.7 10 5.307043730591929 16.078540247873505 31.039438194874176 34840.25626413707 22.250050010002 19.10602120424085 16.557311462292457 14.30626125225045 0.9590241992548048 0.3308036802755688 2.0 0.45354586974502825 0.7446955802495775 10.091418283656731 44.50630126025205 5.3800760152030405 16.569513902780557 2.442606779560694 1.5631040843673154 1.3965380437824149 0.4502373503074766 0.7261886016900735 10.017803560712142 31.071614322864573 5.343268653730746 16.330266053210643 2.4259312487406355 1.5282893945080471
0.7 12 6.368452476710315 19.294248297448206 37.2473258338489 50169.96902035738 26.356671334266853 22.581916383276653 19.495499099819963 16.786557311462293 0.9796446172669233 0.3356488301592332 2.0 0.4595505362143947 0.7542597357256161 12.112222444488898 52.71034206841369 6.457091418283657 19.87977595519104 2.441872752435325 1.5626766107431682 1.4151792509285073 0.45537618494653037 0.7336675131990053 12.002200440088018 37.30726145229046 6.413082616523305 19.593718743748752 2.425250174829988 1.5319647261520801
0.7 14 7.429861222828701 22.509956347022907 43.455213472823715 68286.90227770866 30.502900580116023 26.048009601920384 22.431686337267454 19.260852170434088 0.9983282061483738 0.34283297958278164 2.0 0.46332074184832506 0.7600076073555257 14.13262652530506 60.99399879975995 7.527305461092218 23.18243648729746 2.442597691934953 1.5633905373763668 1.4249629886555146 0.4590579995278193 0.7393658368217417 14.00260052010402 43.46649329865973 7.475295059011802 22.844368873774755 2.425754123720416 1.5303017648763553
0.7 16 8.491269968947087 25.725664396597587 49.66310111179853 89191.05603619089 34.604720944188834 29.5377075415083 25.394678935787155 21.728545709141827 1.010523457102996 0.34379282626649255 2.0 0.4660816583713415 0.7655226632907296 16.128625725145028 69.2120424084817 8.60872174434887 26.490698139627927 2.440773666787652 1.5645638404902307 1.4350841605179159 0.46265947545797714 0.7447593786164542 16.010202040408082 49.67213442688538 8.549509901980397 26.105821164232847 2.4239806947186384 1.5295528180863973
0.7 18 9.552678715065472 28.941372446172284 55.87098875077335 112882.43029580411 38.75175035007001 33.005801160232046 28.32886577315463 24.219843968793757 1.020599913279624 0.3485052231964517 2.0 0.4688261408218046 0.7696004542638861 18.16783356671334 77.50810162032407 9.666933386677336 29.823364672934588 2.446339565250672 1.5617291326083778 1.4418995600431173 0.46454160644228787 0.7471302140707593 18.001800360072014 55.89057811562312 9.633726745349069 29.391678335667134 2.4221503119063432 1.5308047423560047
0.7 20 10.614087461183859 32.15708049574701 62.07887638974835 139361.02505654827 42.86897379475895 36.472294458891774 31.27265453090618 26.70894178835767 1.027432029275984 0.3509000096641719 2.0 0.4703129228845275 0.7723539677651166 20.161832366473295 85.72134426885377 10.748349669933987 33.11002200440088 2.4430884136582125 1.5646839433493587 1.448613660837744 0.4668411867364747 0.7510138590334385 20.013002600520103 62.09461892378476 10.67393478695739 32.62632526505301 2.4262180820110486 1.529485443838217
0.9 10 5.01259219761895 17.054619204014006 36.62460929406447 26010.924883186228 23.06901380276055 19.100620124024804 16.004400880176036 13.387877575515104 1.1815864827899962 0.4099078076554311 2.0 0.43761814744801514 0.7625864969390056 10.095419083816763 46.13142628525705 5.083216643328665 17.592118423684738 2.695897602165708 1.7627524347623056 1.5898892345651865 0.43387211460085673 0.7403026599872099 10.009001800360071 36.668733746749346 5.061612322464493 17.354470894178835 2.6756124931578236 1.7313210616492827
0.9 12 6.01511063714274 20.46554304481681 43.94953115287737 37455.73183178817 27.332066413282657 22.536507301460293 18.789157831566314 15.618323664732946 1.2151902434314723 0.41892928591481554 2.0 0.44285787474475413 0.7720609223247678 12.104220844168832 54.674734946989396 6.097019403880776 21.102020404080815 2.696032307282867 1.7633634693579285 1.609712412676112 0.4400035130605344 0.7505489474084628 12.02620524104821 43.98659731946389 6.071014202840568 20.815963192638527 2.675676312009314 1.7292386128554902
0.9 14 7.01762907666653 23.87646688561961 51.27445301169026 50981.41277104501 31.616123224644927 25.984596919383876 21.607921584316863 17.87397479495899 1.2384373720361057 0.4259631563783395 2.0 0.44613379394997754 0.7788913564780542 14.10502100420084 63.24124824964993 7.111622324464893 24.625525105021 2.6970840770538373 1.7632826058245437 1.6206618950699199 0.44324861277198846 0.7568106870432797 14.01380276055211 51.23084616923384 7.081216243248649 24.291058211642326 2.6766928892800745 1.7311630064626906
0.9 16 8.02014751619032 27.287390726422412 58.599374870503155 66587.96770095675 35.88217643528706 29.440888177635525 24.399879975995198 20.12902580516103 1.2552801035107133 0.4296393479693049 2.0 0.44886411149825783 0.7835261324041812 16.10622124424885 71.7625525105021 8.135427085417085 28.114622924584918 2.692759530355376 1.7642213589467444 1.6337263310617292 0.4459540069686411 0.7612516832147732 16.001800360072014 58.60552110422085 8.065813162632526 27.766553310662133 2.684369079772768 1.7320404700289744
0.9 18 9.02266595571411 30.698314567225225 65.92429672931594 84275.3966215234 40.11722344468894 32.86617323464693 27.191438287657533 22.38367673534707 1.2669972114486052 0.432908636815006 2.0 0.4520209827171821 0.7882231507983205 18.13382676535307 80.23904780956191 9.116023204640928 31.62132426485297 2.7008731586783057 1.7627243691681294 1.644498144581455 0.44908898706531164 0.7658119605603831 18.016203240648128 65.96739347869574 9.076815363072614 31.229245849169832 2.6831399767330137 1.7304953282390032
0.9 20 10.0251843952379 34.10923840802801 73.24921858812894 104043.69953274491 44.40888177635527 36.307261452290454 30.006001200240046 24.664932986597318 1.2769494892745352 0.4373817253925367 2.0 0.45350900900900903 0.7915675675675675 20.13982796559312 88.80396079215843 10.15123024604921 35.15263052610522 2.6971957556392825 1.7612025446791189 1.6480519556896214 0.4508153153153153 0.7688554553767898 20.020204040808164 73.19303860772155 10.091418283656731 34.67413482696539 2.6802671287699775 1.7307206169246403
1.1 10 4.753199862570051 17.994610062966384 42.57830097540723 19053.86307038035 23.652130426085215 18.926785357071413 15.344668933786757 12.448489697939587 1.3937680047641445 0.4839670411652488 2.0 0.4259157454942193 0.7829105948222639 10.07381476295259 47.30166033206642 4.83116623324665 18.51750350070014 2.9176522712761432 1.9335364490337825 1.7918606121035345 0.42378443296091756 0.7635338746702739 10.023404680936189 42.3866773354671 4.805961192238447 18.34106821364273 2.908221832497922 1.910716829943526
1.1 12 5.703839835084061 21.593532075559644 51.093961170488456 27437.562821347703 28.004600920184036 22.281256251250248 17.99639927985597 14.507301460292059 1.428213761961816 0.4964485737670554 2.0 0.4309225329476053 0.7924783027965284 12.067813562712542 56.00460092018403 5.773754750950189 22.193038607721544 2.9237921802654663 1.9335405014529783 1.8162859527488144 0.4287510268223865 0.7727548700180918 12.007001400280055 50.865973194638926 5.743348669733947 22.010602120424085 2.917333704111506 1.912839098285136
1.1 14 6.6544798075980705 25.192454088152918 59.609621365569865 37345.57161794549 32.36967393478696 25.673734746949393 20.624924984997 16.50710142028406 1.4623375254285755 0.5032463740378158 2.0 0.43459855638502987 0.7998034804963662 14.067813562712542 64.7367473494699 6.732746549309862 25.889377875575114 2.924646742149384 1.9326168767299592 1.8290718454590578 0.43239852672170853 0.7788848541002779 13.996599319863972 59.217643528705736 6.697139427885577 25.675735147029403 2.918167732701395 1.9140955533490331
1.1 16 7.605119780112081 28.79137610074619 68.12528156065127 48777.889460173705 36.72734546909382 29.045809161832366 23.284656931386277 18.54370874174835 1.4839647136036327 0.5095303025057436 2.0 0.43761982570806096 0.804041394335512 16.07261452290458 73.43228645729145 7.698939787957592 29.530306061212244 2.919185125242146 1.930463362682081 1.8548539203785606 0.4359912854030501 0.7844643453323428 16.012802560512103 68.10902180436088 7.639127825565113 29.350870174034807 2.922886021463729 1.9151818287928
1.1 18 8.555759752626093 32.39029811333949 76.64094175573268 61734.51634803233 41.04820964192839 32.40648129625925 25.925185037007402 20.584116823364674 1.4988099083867288 0.5133117094857389 2.0 0.4396393762183236 0.8097465886939571 18.046409281856373 82.10502100420084 8.655931186237247 33.23864772954591 2.9216477579735134 1.932592786962163 1.8586410604110273 0.438182261208577 0.7897754695148235 17.986597319463893 76.30326065213043 8.59611922384477 32.999399879975996 2.921018058281301 1.9160279630657642
1.1 20 9.506399725140103 35.98922012593277 85.15660195081446 76215.4522815214 45.42908581716343 35.767153430686136 28.505701140228044 22.624524904980994 1.5137726464713996 0.5192480987991818 2.0 0.4420079260237781 0.8119726992514311 20.08001600320064 90.8375675135027 9.612922584516904 36.8871774354871 2.9200998997402228 1.9278230448384623 1.8735266879767567 0.4406913254073096 0.7929293474722535 20.020204040808164 85.09561912382476 9.553110622124425 36.64792958591718 2.9195231877846144 1.912899426395068
1.3 10 4.522661026408631 18.90867268600823 48.93753753332782 13772.892742647631 24.024604920984196 18.584516903380678 14.673534706941389 11.585917183436687 1.583629173534207 0.557524891250152 2.0 0.4160484267146271 0.8026294973313683 9.995399079815963 48.0506101220244 4.563112622524505 19.282856571314262 3.129550915795314 2.0807556813733985 2.021608240251335 0.4172640904587049 0.7877847447210906 10.024604920984196 48.57631526305261 4.592318463692738 19.312062412482497 3.1189832941597224 2.0792820628363495
1.3 12 5.427193231690356 22.690407223209856 58.72504503999339 19832.965549412584 28.431886377275458 21.881576315263054 17.137027405481096 13.419283856771354 1.6303816765530432 0.5686353509493254 2.0 0.4215195840457042 0.8115822726920938 11.984596919383876 56.87357471494298 5.47129425885177 23.074814962992598 3.1252407716826953 2.075736444951048 2.065800062281677 0.4227578782953753 0.799157521496074 12.019803960792157 58.73954790958191 5.47129425885177 23.18043608721744 3.135157646006543 2.0815948032886564
1.3 14 6.331725436972083 26.472141760411525 68.51255254665895 26994.86977558936 32.82656531306261 25.14502900580116 19.62392478495699 15.243048609721944 1.6657680485674633 0.5788665168356771 2.0 0.4258500914076783 0.8194149908592323 13.979195839167835 65.65673134626925 6.3830766153230645 26.89857971594319 3.1234964599083286 2.0714675173497543 2.077957428649029 0.42767215112736146 0.8074455806790228 14.039007801560313 68.22864572914582 6.3830766153230645 27.018203640728146 3.133132067310825 2.0764655643442698
1.3 16 7.236257642253808 30.253876297613143 78.30006005332417 35258.60542117793 37.26745349069814 28.445689137827564 22.084416883376676 17.04340868173635 1.6988663006477125 0.5865662925124758 2.0 0.4280676328502416 0.8244873859366614 15.952990598119625 74.50890178035607 7.280256051210242 30.726545309061812 3.1268353989443796 2.072515409306445 2.0996253730559102 0.42967257112184654 0.8127669023318042 16.012802560512103 78.27705541108222 7.280256051210242 30.90598119623925 3.1394794101918384 2.083116476508346
1.3 18 8.140789847535535 34.03561083481482 88.08756755999008 44624.17248617832 41.64832966593318 31.74634926985397 24.544908981796357 18.84376875375075 1.7221491119081997 0.5895189920983456 2.0 0.4304322766570605 0.8296733909702211 17.926785357071413 83.30126025205041 8.17743548709742 34.55451090218044 3.1294381178769126 2.0733321981760016 2.103700266297258 0.43186839577329494 0.8179519488116253 17.986597319463893 87.60772154430886 8.2372474494899 34.73394678935787 3.1248601105607303 2.0855316503525185
1.3 20 9.045322052817262 37.81734537201646 97.87507506665564 55091.570970590525 46.08921784356871 34.9869973994799 27.005401080216043 20.704140828165635 1.7377106247911889 0.5984633263624893 2.0 0.4330815972222222 0.8314887152777778 19.960392078415683 92.15343068613723 9.074614922984598 38.32266453290658 3.1281374622950997 2.0649574449340076 2.119444058178012 0.43437934027777786 0.8211465715657632 20.020204040808164 97.65613122624525 9.134426885377076 38.62172434486897 3.1307517795300304 2.080970074608875
1.5 10 4.31586767366152 19.803778756574562 55.73437901594872 9857.970797266262 24.28665733146629 18.20664132826565 13.96399279855971 10.790358071614323 1.7616594426396746 0.6256895429119771 2.0 0.4089729756443098 0.820524013870471 9.932586517303461 48.58511702340468 4.3538707741548315 19.927785557111424 3.3029175318505293 2.2007506394220018 2.244389728494703 0.41170753403783905 0.8174416318287586 9.998999799959991 54.495899179835966 4.3870774154830965 20.259851970394077 3.3223048484923385 2.240919615379858
